

START N = 1 S = 0.5
1 
1.000000	
END

START N = 2 S = 0.0
01 10 
0.707107	0.707107	
END

START N = 2 S = 1.0
11 
1.000000	
END

START N = 3 S = 0.5
011 101 110 
-0.707107	-0.707107	0.000000	
-0.408248	0.408248	0.816497	
END

START N = 3 S = 1.5
111 
1.000000	
END

START N = 4 S = 0.0
0011 0101 0110 1001 1010 1100 
0.000000	-0.500000	-0.500000	-0.500000	-0.500000	0.000000	
0.577350	0.288675	-0.288675	-0.288675	0.288675	0.577350	
END

START N = 4 S = 1.0
0111 1011 1101 1110 
0.707107	0.707107	0.000000	0.000000	
0.408248	-0.408248	-0.816497	0.000000	
0.288675	-0.288675	0.288675	0.866025	
END

START N = 4 S = 2.0
1111 
1.000000	
END

START N = 5 S = 0.5
00111 01011 01101 01110 10011 10101 10110 11001 11010 11100 
0.000000	-0.500000	-0.500000	0.000000	-0.500000	-0.500000	0.000000	0.000000	0.000000	0.000000	
0.577350	0.288675	-0.288675	0.000000	-0.288675	0.288675	0.000000	0.577350	0.000000	0.000000	
0.000000	-0.288675	0.288675	0.577350	-0.288675	0.288675	0.577350	0.000000	0.000000	0.000000	
0.333333	0.166667	0.166667	0.333333	-0.166667	-0.166667	-0.333333	-0.333333	-0.666667	0.000000	
0.235702	-0.235702	-0.235702	0.235702	0.235702	0.235702	-0.235702	-0.235702	0.235702	0.707107	
END

START N = 5 S = 1.5
01111 10111 11011 11101 11110 
-0.707107	-0.707107	0.000000	0.000000	0.000000	
-0.408248	0.408248	0.816497	0.000000	0.000000	
-0.288675	0.288675	-0.288675	-0.866025	0.000000	
-0.223607	0.223607	-0.223607	0.223607	0.894427	
END

START N = 5 S = 2.5
11111 
1.000000	
END
