 &FCI NORB=  10,NELEC=14,MS2=0,
  ORBSYM=1,1,1,1,1,1,1,1,1,1,
  ISYM=1,
 &END
 2.199551371547832    1    1    1    1
 2.689978089191566e-07    1    1    2    1
 2.200255262501536    1    1    2    2
 -4.109953399373355e-08    1    1    3    1
 -0.1970482137486136    1    1    3    2
 0.6111638629550508    1    1    3    3
 0.2076672355321357    1    1    4    1
 1.438614336486986e-08    1    1    4    2
 -4.693968019495767e-08    1    1    4    3
 0.6153090030532489    1    1    4    4
 -7.077603650119638e-09    1    1    5    1
 -0.03687930583028622    1    1    5    2
 -0.01499371382270618    1    1    5    3
 -1.755365499516751e-08    1    1    5    4
 0.6044089494431376    1    1    5    5
 0.6065876122556386    1    1    6    6
 0.6065876122556386    1    1    7    7
 -4.928292450325203e-08    1    1    8    6
 1.96564360694849e-09    1    1    8    7
 0.6178406914896226    1    1    8    8
 -1.965643265548766e-09    1    1    9    6
 -4.928292379430479e-08    1    1    9    7
 0.6178406914896233    1    1    9    9
 0.0413931806976479    1    1   10    1
 3.721367354742022e-09    1    1   10    2
 -1.161116772349248e-08    1    1   10    3
 0.03907471676267304    1    1   10    4
 4.65128229904273e-08    1    1   10    5
 0.6600741975826538    1    1   10   10
 2.689978088565389e-07    2    1    1    1
 1.935648474962107    2    1    2    1
 -2.688998748302262e-07    2    1    2    2
 -0.1971799125791945    2    1    3    1
 1.367755311427824e-08    2    1    3    2
 4.179323403587366e-11    2    1    3    3
 1.440823034755935e-08    2    1    4    1
 0.2074587426547038    2    1    4    2
 -0.3378277169487453    2    1    4    3
 -3.751307458626224e-11    2    1    4    4
 -0.03251427279949781    2    1    5    1
 2.263705989242067e-09    2    1    5    2
 9.154178143822562e-12    2    1    5    3
 -0.126333224495063    2    1    5    4
 9.653997869324073e-12    2    1    5    5
 -2.10840979509786e-15    2    1    6    5
 1.717988927739966e-11    2    1    6    6
 -1.467384847319508e-15    2    1    7    3
 8.266459420223618e-15    2    1    7    5
 -8.443144524199126e-15    2    1    7    6
 1.712344966164303e-11    2    1    7    7
 -2.037590934439472e-15    2    1    8    5
 -0.3546915441282402    2    1    8    6
 0.01414682922466618    2    1    8    7
 -1.703663917781531e-11    2    1    8    8
 -1.107187320794345e-15    2    1    9    4
 2.087410034045542e-15    2    1    9    5
 -0.01414682922466617    2    1    9    6
 -0.3546915441282404    2    1    9    7
 6.101749389365901e-15    2    1    9    8
 -1.697880724904621e-11    2    1    9    9
 3.304837384567058e-09    2    1   10    1
 0.04747763344009007    2    1   10    2
 -0.08355026373824007    2    1   10    3
 -1.165885301135094e-11    2    1   10    4
 0.3347489196776435    2    1   10    5
 -1.965942488488337e-15    2    1   10    6
 2.125944095955165e-15    2    1   10    7
 -2.524476312480567e-15    2    1   10    8
 8.273177305266107e-15    2    1   10    9
 -1.155350815018608e-11    2    1   10   10
 2.200255262501535    2    2    1    1
 -2.68899874357096e-07    2    2    2    1
 2.200959898913287    2    2    2    2
 1.368669105432272e-08    2    2    3    1
 -0.1971652740957385    2    2    3    2
 0.6111571325083559    2    2    3    3
 0.207777280500587    2    2    4    1
 -4.327225995996741e-08    2    2    4    2
 4.693932746092559e-08    2    2    4    3
 0.6153471479310774    2    2    4    4
 1.96037082699532e-09    2    2    5    1
 -0.0368422478402144    2    2    5    2
 -0.01491431505006533    2    2    5    3
 1.755311340114451e-08    2    2    5    4
 0.6044334584745747    2    2    5    5
 0.6065870717827665    2    2    6    6
 0.6065870717827664    2    2    7    7
 4.928237874031742e-08    2    2    8    6
 -1.965621561194494e-09    2    2    8    7
 0.6178432949751472    2    2    8    8
 1.965621899892706e-09    2    2    9    6
 4.928237941908086e-08    2    2    9    7
 0.6178432949751479    2    2    9    9
 0.04148302585279403    2    2   10    1
 -9.478443767590752e-09    2    2   10    2
 1.160663543592808e-08    2    2   10    3
 0.03899785535977059    2    2   10    4
 -4.651062171844485e-08    2    2   10    5
 0.6600530786541254    2    2   10   10
 -4.109953405636627e-08    3    1    1    1
 -0.1971799125791945    3    1    2    1
 1.368669110680387e-08    3    1    2    2
 0.02953512261529264    3    1    3    1
 6.095000143387261e-12    3    1    3    2
 -5.382141063996966e-10    3    1    3    3
 -4.294492283041984e-09    3    1    4    1
 -0.03090342353910242    3    1    4    2
 0.00885145733053805    3    1    4    3
 -6.691332626968194e-10    3    1    4    4
 0.004153803654121524    3    1    5    1
 -3.225986089088363e-13    3    1    5    2
 -1.817095724305064e-10    3    1    5    3
 0.003852518576811045    3    1    5    4
 -3.912163098693221e-10    3    1    5    5
 -3.759566425681224e-10    3    1    6    6
 -3.759557075499584e-10    3    1    7    7
 0.005876688454143493    3    1    8    6
 -0.0002343910063366978    3    1    8    7
 -4.050029509238633e-10    3    1    8    8
 0.0002343910063366977    3    1    9    6
 0.005876688454143497    3    1    9    7
 -4.050039101831382e-10    3    1    9    9
 -1.096044416229896e-09    3    1   10    1
 -0.007894572239520557    3    1   10    2
 0.0008813798997315843    3    1   10    3
 3.296282945897948e-11    3    1   10    4
 -0.005624251949220611    3    1   10    5
 -4.302966182152812e-10    3    1   10   10
 -0.1970482137486135    3    2    1    1
 1.367755302513679e-08    3    2    2    1
 -0.1971652740957386    3    2    2    2
 6.094994996407226e-12    3    2    3    1
 0.02956742863268329    3    2    3    2
 -0.007722925338037358    3    2    3    3
 -0.03090897132381004    3    2    4    1
 4.29403687601273e-09    3    2    4    2
 -6.142438401766631e-10    3    2    4    3
 -0.009638195223546897    3    2    4    4
 -3.21256205112986e-13    3    2    5    1
 0.00414840969128921    3    2    5    2
 -0.002613869016208743    3    2    5    3
 -2.677779046798475e-10    3    2    5    4
 -0.005624806282268031    3    2    5    5
 -0.005402180535788218    3    2    6    6
 -0.005402180535788218    3    2    7    7
 -4.07898405693847e-10    3    2    8    6
 1.626897433693843e-11    3    2    8    7
 -0.00582821629717396    3    2    8    8
 -1.626898412195243e-11    3    2    9    6
 -4.07898437996289e-10    3    2    9    7
 -0.005828216297173966    3    2    9    9
 -0.007876506414685765    3    2   10    1
 1.095268450274448e-09    3    2   10    2
 -6.097367337804045e-11    3    2   10    3
 0.000476244326871699    3    2   10    4
 3.903820558936569e-10    3    2   10    5
 -0.006189060050060019    3    2   10   10
 0.6111638629550507    3    3    1    1
 4.179334920131624e-11    3    3    2    1
 0.611157132508356    3    3    2    2
 -5.382141213562534e-10    3    3    3    1
 -0.007722925338037365    3    3    3    2
 0.4919300565704532    3    3    3    3
 0.0095306332603041    3    3    4    1
 -6.614298931086247e-10    3    3    4    2
 -2.278775040950969e-11    3    3    4    3
 0.4674908721250885    3    3    4    4
 -5.369137604133174e-10    3    3    5    1
 -0.007729308868305114    3    3    5    2
 -0.04792994750854386    3    3    5    3
 -1.265380082921205e-11    3    3    5    4
 0.4792777694823042    3    3    5    5
 0.4781958282989933    3    3    6    6
 0.4781958282989933    3    3    7    7
 -2.652391465216061e-11    3    3    8    6
 1.057950521441757e-12    3    3    8    7
 0.480040546013241    3    3    8    8
 -1.057828144412286e-12    3    3    9    6
 -2.652393780351182e-11    3    3    9    7
 0.4800405460132415    3    3    9    9
 -0.005309254271337531    3    3   10    1
 3.695123434454819e-10    3    3   10    2
 -7.259285178821322e-12    3    3   10    3
 0.04838957608047234    3    3   10    4
 2.530588656327464e-11    3    3   10    5
 0.5131527658978865    3    3   10   10
 0.2076672355321356    4    1    1    1
 1.440823042668168e-08    4    1    2    1
 0.2077772805005872    4    1    2    2
 -4.294492275643517e-09    4    1    3    1
 -0.03090897132381007    4    1    3    2
 0.00953063326030412    4    1    3    3
 0.03286397474805052    4    1    4    1
 -1.424183975945634e-12    4    1    4    2
 -6.172041327782327e-10    4    1    4    3
 0.009500325358118322    4    1    4    4
 -9.337186118466021e-10    4    1    5    1
 -0.006717593076705667    4    1    5    2
 -0.0008725964670501695    4    1    5    3
 -3.848126705471178e-11    4    1    5    4
 0.005488331029596111    4    1    5    5
 0.006042631728703341    4    1    6    6
 0.006042631728703341    4    1    7    7
 -4.022609207074479e-10    4    1    8    6
 1.604413105912207e-11    4    1    8    7
 0.006342886992297373    4    1    8    8
 -1.604412384963804e-11    4    1    9    6
 -4.022608993441932e-10    4    1    9    7
 0.00634288699229738    4    1    9    9
 0.00563117113194995    4    1   10    1
 1.334494933072076e-12    4    1   10    2
 -3.028648585468224e-10    4    1   10    3
 0.003163064974730078    4    1   10    4
 3.808317994007565e-10    4    1   10    5
 0.008210365348479277    4    1   10   10
 1.4386143415124e-08    4    2    1    1
 0.2074587426547038    4    2    2    1
 -4.327226001855898e-08    4    2    2    2
 -0.03090342353910244    4    2    3    1
 4.294036879379437e-09    4    2    3    2
 -6.614299110240711e-10    4    2    3    3
 -1.424180375776651e-12    4    2    4    1
 0.03289767043652111    4    2    4    2
 -0.008892368959293019    4    2    4    3
 -6.617234227522133e-10    4    2    4    4
 -0.006729891495994149    4    2    5    1
 9.347424546891493e-10    4    2    5    2
 6.024202568967687e-11    4    2    5    3
 -0.0005592342964546751    4    2    5    4
 -3.814960556326205e-10    4    2    5    5
 -4.198328755740631e-10    4    2    6    6
 -4.198337973172584e-10    4    2    7    7
 -0.005795597836509545    4    2    8    6
 0.0002311567168861002    4    2    8    7
 -4.412854579450348e-10    4    2    8    8
 -0.0002311567168861    4    2    9    6
 -0.005795597836509549    4    2    9    7
 -4.412845119698694e-10    4    2    9    9
 1.334104816999487e-12    4    2   10    1
 0.005657753483555165    4    2   10    2
 -0.004356163789454892    4    2   10    3
 -2.199152900128756e-10    4    2   10    4
 0.005486131841120154    4    2   10    5
 -5.708938113913042e-10    4    2   10   10
 -4.693968016477464e-08    4    3    1    1
 -0.3378277169487454    4    3    2    1
 4.693932754076898e-08    4    3    2    2
 0.008851457330538055    4    3    3    1
 -6.142438319308098e-10    4    3    3    2
 -2.278768462495939e-11    4    3    3    3
 -6.17204139190639e-10    4    3    4    1
 -0.008892368959293004    4    3    4    2
 0.1969014291810335    4    3    4    3
 2.286397179041061e-11    4    3    4    4
 -0.0007953787078915879    4    3    5    1
 5.45205084767332e-11    4    3    5    2
 -6.535130051466682e-12    4    3    5    3
 0.08361906342164774    4    3    5    4
 -4.221670171550729e-12    4    3    5    5
 1.244317375526692e-15    4    3    6    5
 -9.660444680655323e-12    4    3    6    6
 -4.881511311913209e-15    4    3    7    5
 5.041749591628181e-15    4    3    7    6
 -9.626742289841535e-12    4    3    7    7
 1.208527501417027e-15    4    3    8    5
 0.2117730397337585    4    3    8    6
 -0.008446542008395725    4    3    8    7
 1.066086591224006e-11    4    3    8    8
 -1.238567789797601e-15    4    3    9    5
 0.008446542008395719    4    3    9    6
 0.2117730397337586    4    3    9    7
 -3.643218801323024e-15    4    3    9    8
 1.062629151338257e-11    4    3    9    9
 -3.340413283302242e-10    4    3   10    1
 -0.004798677431076746    4    3   10    2
 0.03806183978378638    4    3   10    3
 6.121508121901399e-12    4    3   10    4
 -0.1959533839539171    4    3   10    5
 1.156354434753788e-15    4    3   10    6
 -1.247229507206671e-15    4    3   10    7
 1.490801980931934e-15    4    3   10    8
 -4.878590532315959e-15    4    3   10    9
 7.625761133667197e-12    4    3   10   10
 0.6153090030532486    4    4    1    1
 -3.751305888404393e-11    4    4    2    1
 0.6153471479310773    4    4    2    2
 -6.691332707052324e-10    4    4    3    1
 -0.0096381952235469    4    4    3    2
 0.4674908721250885    4    4    3    3
 0.009500325358118311    4    4    4    1
 -6.61723421235275e-10    4    4    4    2
 2.286397285426441e-11    4    4    4    3
 0.473347699870769    4    4    4    4
 2.72646617341844e-11    4    4    5    1
 0.0003889274207438298    4    4    5    2
 0.001819118121765695    4    4    5    3
 9.090327961183748e-12    4    4    5    4
 0.4761101914492654    4    4    5    5
 0.4702523889797666    4    4    6    6
 0.4702523889797666    4    4    7    7
 2.494620913977849e-11    4    4    8    6
 -9.948990398979202e-13    4    4    8    7
 0.4754055958524705    4    4    8    8
 9.95088416767521e-13    4    4    9    6
 2.494642744325201e-11    4    4    9    7
 0.4754055958524711    4    4    9    9
 0.004105138198099073    4    4   10    1
 -2.855596745980284e-10    4    4   10    2
 5.15108370585583e-12    4    4   10    3
 0.004062180594285623    4    4   10    4
 -2.280831442618661e-11    4    4   10    5
 0.4901982709370254    4    4   10   10
 -7.077603654716895e-09    5    1    1    1
 -0.03251427279949782    5    1    2    1
 1.960370830282806e-09    5    1    2    2
 0.004153803654121527    5    1    3    1
 -3.212551042276534e-13    5    1    3    2
 -5.369137582673274e-10    5    1    3    3
 -9.33718614454303e-10    5    1    4    1
 -0.006729891495994149    5    1    4    2
 -0.0007953787078915851    5    1    4    3
 2.726466241657167e-11    5    1    4    4
 0.01069677733621251    5    1    5    1
 1.168574304720261e-11    5    1    5    2
 1.021273453437397e-09    5    1    5    3
 -0.013801522022126    5    1    5    4
 4.427743704200302e-11    5    1    5    5
 -2.285807081059398e-10    5    1    6    6
 -2.285808894089037e-10    5    1    7    7
 -0.001139740207605675    5    1    8    6
 4.545839996584036e-05    5    1    8    7
 -1.963229814664744e-10    5    1    8    8
 -4.545839996584033e-05    5    1    9    6
 -0.001139740207605675    5    1    9    7
 -1.9632279536861e-10    5    1    9    9
 1.395059880502372e-09    5    1   10    1
 0.009936328394225069    5    1   10    2
 0.01398750431152581    5    1   10    3
 -1.079063547584743e-09    5    1   10    4
 0.001355002260547173    5    1   10    5
 -6.091674829497573e-10    5    1   10   10
 -0.03687930583028621    5    2    1    1
 2.26370596860896e-09    5    2    2    1
 -0.03684224784021441    5    2    2    2
 -3.225979080438838e-13    5    2    3    1
 0.004148409691289213    5    2    3    2
 -0.007729308868305117    5    2    3    3
 -0.006717593076705666    5    2    4    1
 9.347424541232579e-10    5    2    4    2
 5.4520510172553e-11    5    2    4    3
 0.0003889274207438279    5    2    4    4
 1.168574185034616e-11    5    2    5    1
 0.0108622155860392    5    2    5    2
 0.0146817455911692    5    2    5    3
 9.592634242925857e-10    5    2    5    4
 0.0006385697562983749    5    2    5    5
 -0.003291355027917694    5    2    6    6
 -0.003291355027917694    5    2    7    7
 7.906850249990088e-11    5    2    8    6
 -3.153633778416205e-12    5    2    8    7
 -0.002825603497923746    5    2    8    8
 3.153642792867214e-12    5    2    9    6
 7.906854146034738e-11    5    2    9    7
 -0.002825603497923749    5    2    9    9
 0.01014293826203955    5    2   10    1
 -1.394861538803436e-09    5    2   10    2
 -9.708148346044685e-10    5    2   10    3
 -0.01554432830048543    5    2   10    4
 -9.427146032528671e-11    5    2   10    5
 -0.008767798679367271    5    2   10   10
 -0.01499371382270617    5    3    1    1
 9.154188529880379e-12    5    3    2    1
 -0.01491431505006531    5    3    2    2
 -1.817095716382276e-10    5    3    3    1
 -0.00261386901620875    5    3    3    2
 -0.04792994750854385    5    3    3    3
 -0.0008725964670501637    5    3    4    1
 6.024202334665634e-11    5    3    4    2
 -6.535139226092314e-12    5    3    4    3
 0.001819118121765687    5    3    4    4
 1.021273453735587e-09    5    3    5    1
 0.01468174559116921    5    3    5    2
 0.08331402869426735    5    3    5    3
 -1.806344073858812e-12    5    3    5    4
 -0.01220781608257839    5    3    5    5
 -0.02126535480132269    5    3    6    6
 -1.691483984893778e-15    5    3    7    4
 -0.02126535480132268    5    3    7    7
 -2.934903910746137e-12    5    3    8    6
 1.170992604844847e-13    5    3    8    7
 -0.01642699304963862    5    3    8    8
 -1.17003305753017e-13    5    3    9    6
 -2.934506502563742e-12    5    3    9    7
 -0.01642699304963864    5    3    9    9
 0.01677085371447052    5    3   10    1
 -1.164130637108834e-09    5    3   10    2
 7.893328053271939e-12    5    3   10    3
 -0.07622770052420245    5    3   10    4
 2.165222559036918e-12    5    3   10    5
 -0.04924442411711094    5    3   10   10
 -1.755365499891095e-08    5    4    1    1
 -0.126333224495063    5    4    2    1
 1.755311341020199e-08    5    4    2    2
 0.003852518576811049    5    4    3    1
 -2.677779033751696e-10    5    4    3    2
 -1.265381405570987e-11    5    4    3    3
 -3.848126496186997e-11    5    4    4    1
 -0.0005592342964546768    5    4    4    2
 0.08361906342164774    5    4    4    3
 9.090291760079478e-12    5    4    4    4
 -0.013801522022126    5    4    5    1
 9.59263424750291e-10    5    4    5    2
 -1.806357603176786e-12    5    4    5    3
 0.09680421170491883    5    4    5    4
 -2.108835893886065e-12    5    4    5    5
 -4.975982945576126e-12    5    4    6    6
 -1.421718478672945e-15    5    4    7    3
 -2.217356584121848e-15    5    4    7    5
 2.033757132255599e-15    5    4    7    6
 -4.962398268513082e-12    5    4    7    7
 0.08542679491604442    5    4    8    6
 -0.003407237355652653    5    4    8    7
 3.583799597141465e-12    5    4    8    8
 0.003407237355652651    5    4    9    6
 0.08542679491604446    5    4    9    7
 -1.469653557421768e-15    5    4    9    8
 3.569859685637056e-12    5    4    9    9
 -1.151326427646739e-09    5    4   10    1
 -0.01658702071170716    5    4   10    2
 -0.04718927848420412    5    4   10    3
 -7.203401135661929e-12    5    4   10    4
 -0.08879544701578083    5    4   10    5
 -2.199520112027135e-15    5    4   10    9
 -1.79807557731948e-13    5    4   10   10
 0.6044089494431376    5    5    1    1
 9.653992801959948e-12    5    5    2    1
 0.6044334584745746    5    5    2    2
 -3.912163005144336e-10    5    5    3    1
 -0.005624806282268022    5    5    3    2
 0.4792777694823041    5    5    3    3
 0.005488331029596102    5    5    4    1
 -3.814960516499799e-10    5    5    4    2
 -4.221648012312102e-12    5    5    4    3
 0.4761101914492654    5    5    4    4
 4.427743941805552e-11    5    5    5    1
 0.0006385697562983777    5    5    5    2
 -0.0122078160825784    5    5    5    3
 -2.108842107564947e-12    5    5    5    4
 0.5112955722991618    5    5    5    5
 0.4637842955786387    5    5    6    6
 0.4637842955786388    5    5    7    7
 -4.669254153664892e-12    5    5    8    6
 1.86292436307133e-13    5    5    8    7
 0.4669988856101256    5    5    8    8
 -1.861434165590358e-13    5    5    9    6
 -4.669184284860193e-12    5    5    9    7
 0.4669988856101261    5    5    9    9
 0.002851005019439248    5    5   10    1
 -1.982145941094147e-10    5    5   10    2
 -2.00403775842522e-12    5    5   10    3
 0.004357074047540751    5    5   10    4
 5.464283521163529e-12    5    5   10    5
 1.096127511854868e-15    5    5   10    7
 0.5256736382058287    5    5   10   10
 0.01070961859802107    6    1    6    1
 3.726090320375016e-12    6    1    6    2
 1.050721702495432e-09    6    1    6    3
 -0.01482663311978035    6    1    6    4
 1.571019684710635e-10    6    1    6    5
 -1.5392621417624e-09    6    1    8    1
 -0.0110291362297863    6    1    8    2
 -0.01437642130826982    6    1    8    3
 1.105237496851586e-09    6    1    8    4
 -0.002788507204256554    6    1    8    5
 -6.139327304860387e-11    6    1    9    1
 -0.0004398957610389297    6    1    9    2
 -0.00057340182047422    6    1    9    3
 4.408224211686512e-11    6    1    9    4
 -0.0001112192716838663    6    1    9    5
 -0.002978746649213356    6    1   10    6
 2.270190857225223e-10    6    1   10    8
 9.054623506055473e-12    6    1   10    9
 3.72609101203579e-12    6    2    6    1
 0.01075553368106533    6    2    6    2
 0.01510049140951565    6    2    6    3
 1.030215433508496e-09    6    2    6    4
 0.002261820519597555    6    2    6    5
 -0.01112700632762535    6    2    8    1
 1.539230266300445e-09    6    2    8    2
 9.977834266291764e-10    6    2    8    3
 0.01592101665006281    6    2    8    4
 1.938789133305088e-10    6    2    8    5
 -0.0004437992980226863    6    2    9    1
 6.139202103998721e-11    6    2    9    2
 3.979646812417361e-11    6    2    9    3
 0.0006350078183709724    6    2    9    4
 7.732844898572073e-12    6    2    9    5
 2.06775588965037e-10    6    2   10    6
 0.003267285902642494    6    2   10    8
 0.0001303153020082457    6    2   10    9
 1.050721705961963e-09    6    3    6    1
 0.01510049140951565    6    3    6    2
 0.0769960390996655    6    3    6    3
 -3.177998062523258e-12    6    3    6    4
 0.005921648993723437    6    3    6    5
 1.729326724612305e-15    6    3    7    4
 -0.01563261910957572    6    3    8    1
 1.085102349683883e-09    6    3    8    2
 -8.819912657309762e-12    6    3    8    3
 0.07754480709522654    6    3    8    4
 -2.759973393639622e-13    6    3    8    5
 -0.0006235051174421633    6    3    9    1
 4.327917282020629e-11    6    3    9    2
 -3.519016302123613e-13    6    3    9    3
 0.003092865227255662    6    3    9    4
 -1.093986659375196e-14    6    3    9    5
 -1.439550444804593e-12    6    3   10    6
 0.01870735271329693    6    3   10    8
 0.0007461404943584495    6    3   10    9
 -0.01482663311978035    6    4    6    1
 1.030215434260991e-09    6    4    6    2
 -3.177996669781915e-12    6    4    6    3
 0.07048445243009324    6    4    6    4
 1.616734085833259e-13    6    4    6    5
 1.728090513285953e-15    6    4    7    3
 1.052988071656091e-09    6    4    8    1
 0.01517009654161872    6    4    8    2
 0.0676685533953407    6    4    8    3
 8.560143459403717e-12    6    4    8    4
 0.01647297975909563    6    4    8    5
 4.199827987822913e-11    6    4    9    1
 0.0006050574609085867    6    4    9    2
 0.002698952046113553    6    4    9    3
 3.415523243728402e-13    6    4    9    4
 0.0006570228000390439    6    4    9    5
 0.009964753752124892    6    4   10    6
 1.089450790339247e-12    6    4   10    8
 4.3484259162202e-14    6    4   10    9
 -2.10840979509786e-15    6    5    2    1
 1.244317375526692e-15    6    5    4    3
 1.571019689592723e-10    6    5    6    1
 0.002261820519597555    6    5    6    2
 0.005921648993723436    6    5    6    3
 1.616741481023558e-13    6    5    6    4
 0.02223423606921988    6    5    6    5
 -0.002349016717284907    6    5    8    1
 1.633363774323179e-10    6    5    8    2
 -2.140720026953407e-13    6    5    8    3
 0.0132496716635234    6    5    8    4
 -2.862288848970529e-13    6    5    8    5
 1.378527512367689e-15    6    5    8    6
 -9.369024690732597e-05    6    5    9    1
 6.514659557762092e-12    6    5    9    2
 -8.469957807690503e-15    6    5    9    3
 0.0005284615475326758    6    5    9    4
 -1.142389652975702e-14    6    5    9    5
 1.24800573979445e-15    6    5    9    7
 -1.279780385905839e-15    6    5   10    5
 9.715800222766294e-13    6    5   10    6
 -0.01908275358482246    6    5   10    8
 -0.0007611133125949689    6    5   10    9
 0.6065876122556385    6    6    1    1
 1.717987482320849e-11    6    6    2    1
 0.6065870717827665    6    6    2    2
 -3.759566310557892e-10    6    6    3    1
 -0.005402180535788223    6    6    3    2
 0.4781958282989933    6    6    3    3
 0.006042631728703338    6    6    4    1
 -4.198328790643624e-10    6    6    4    2
 -9.660402684666762e-12    6    6    4    3
 0.4702523889797668    6    6    4    4
 -2.285807058088587e-10    6    6    5    1
 -0.00329135502791769    6    6    5    2
 -0.02126535480132268    6    6    5    3
 -4.975975905350798e-12    6    6    5    4
 0.4637842955786388    6    6    5    5
 0.5024525348910693    6    6    6    6
 0.4618689866095036    6    6    7    7
 -1.25167172168261e-11    6    6    8    6
 4.207506790447285e-13    6    6    8    7
 0.5071769026345805    6    6    8    8
 -4.991332302537945e-13    6    6    9    6
 -1.05229374662753e-11    6    6    9    7
 0.001660203147813458    6    6    9    8
 0.4656182432261938    6    6    9    9
 -0.001658934708330081    6    6   10    1
 1.154792671130073e-10    6    6   10    2
 -3.677845118464857e-12    6    6   10    3
 0.0301953558685647    6    6   10    4
 1.028170217852545e-11    6    6   10    5
 0.4896738388324651    6    6   10   10
 0.01070961859802107    7    1    7    1
 3.72432818135468e-12    7    1    7    2
 1.050719313299624e-09    7    1    7    3
 -0.01482663311978035    7    1    7    4
 1.571015596643342e-10    7    1    7    5
 6.139329181257154e-11    7    1    8    1
 0.00043989576103893    7    1    8    2
 0.0005734018204742203    7    1    8    3
 -4.408227932127136e-11    7    1    8    4
 0.0001112192716838663    7    1    8    5
 -1.539262079440638e-09    7    1    9    1
 -0.01102913622978631    7    1    9    2
 -0.01437642130826984    7    1    9    3
 1.105237364885721e-09    7    1    9    4
 -0.002788507204256557    7    1    9    5
 -0.002978746649213357    7    1   10    7
 -9.05463251757946e-12    7    1   10    8
 2.270190526450916e-10    7    1   10    9
 3.724327981701431e-12    7    2    7    1
 0.01075553368106533    7    2    7    2
 0.01510049140951565    7    2    7    3
 1.030217909171421e-09    7    2    7    4
 0.002261820519597555    7    2    7    5
 0.0004437992980226865    7    2    8    1
 -6.139200629325542e-11    7    2    8    2
 -3.979647349087176e-11    7    2    8    3
 -0.0006350078183709727    7    2    8    4
 -7.732831145517403e-12    7    2    8    5
 -0.01112700632762535    7    2    9    1
 1.539230312408838e-09    7    2    9    2
 9.977833909406769e-10    7    2    9    3
 0.01592101665006282    7    2    9    4
 1.938789649458464e-10    7    2    9    5
 2.067760868064974e-10    7    2   10    7
 -0.0001303153020082457    7    2   10    8
 0.003267285902642496    7    2   10    9
 -1.467384847319509e-15    7    3    2    1
 -1.421718478672945e-15    7    3    5    4
 1.728162455395123e-15    7    3    6    4
 1.050719318092621e-09    7    3    7    1
 0.01510049140951565    7    3    7    2
 0.0769960390996655    7    3    7    3
 -3.166430339717789e-12    7    3    7    4
 0.005921648993723438    7    3    7    5
 0.0006235051174421636    7    3    8    1
 -4.327917793645628e-11    7    3    8    2
 3.516900738022385e-13    7    3    8    3
 -0.003092865227255664    7    3    8    4
 1.105838170010107e-14    7    3    8    5
 -0.01563261910957572    7    3    9    1
 1.085102311971704e-09    7    3    9    2
 -8.820792123226506e-12    7    3    9    3
 0.0775448070952266    7    3    9    4
 -2.755375519378328e-13    7    3    9    5
 1.129097424997811e-15    7    3    9    7
 -1.068182141019773e-15    7    3   10    5
 -1.436927024843957e-12    7    3   10    7
 -0.00074614049435845    7    3   10    8
 0.01870735271329694    7    3   10    9
 -1.691483984893778e-15    7    4    5    3
 1.728855336575593e-15    7    4    6    3
 -0.01482663311978035    7    4    7    1
 1.030217905574166e-09    7    4    7    2
 -3.166445463965776e-12    7    4    7    3
 0.07048445243009324    7    4    7    4
 1.640401439291135e-13    7    4    7    5
 -4.199831741751513e-11    7    4    8    1
 -0.0006050574609085869    7    4    8    2
 -0.002698952046113554    7    4    8    3
 -3.413250532659904e-13    7    4    8    4
 -0.0006570228000390442    7    4    8    5
 1.052987943451987e-09    7    4    9    1
 0.01517009654161873    7    4    9    2
 0.06766855339534074    7    4    9    3
 8.560970437397668e-12    7    4    9    4
 0.01647297975909564    7    4    9    5
 0.009964753752124895    7    4   10    7
 -4.342955853575786e-14    7    4   10    8
 1.089657010455714e-12    7    4   10    9
 8.266459420223616e-15    7    5    2    1
 -4.881511311913211e-15    7    5    4    3
 -2.217356584121849e-15    7    5    5    4
 1.571015600120413e-10    7    5    7    1
 0.002261820519597555    7    5    7    2
 0.005921648993723438    7    5    7    3
 1.640400978575627e-13    7    5    7    4
 0.02223423606921988    7    5    7    5
 9.369024690732601e-05    7    5    8    1
 -6.514645782071364e-12    7    5    8    2
 8.588632720688661e-15    7    5    8    3
 -0.000528461547532676    7    5    8    4
 1.141001813106121e-14    7    5    8    5
 -4.974293430395263e-15    7    5    8    6
 -0.002349016717284908    7    5    9    1
 1.633364285491536e-10    7    5    9    2
 -2.136136513101764e-13    7    5    9    3
 0.01324967166352341    7    5    9    4
 -2.863077418610967e-13    7    5    9    5
 -5.416581283807997e-15    7    5    9    7
 -1.118685474612749e-15    7    5   10    3
 5.033148193799216e-15    7    5   10    5
 9.687035692752479e-13    7    5   10    7
 0.0007611133125949694    7    5   10    8
 -0.01908275358482247    7    5   10    9
 -8.443139969615471e-15    7    6    2    1
 5.041014396563556e-15    7    6    4    3
 2.033565696378111e-15    7    6    5    4
 0.02029177414078271    7    6    7    6
 4.536587250580526e-14    7    6    8    6
 -9.938139079879014e-13    7    6    8    7
 -0.001660203147813495    7    6    8    8
 -9.966428057797285e-13    7    6    9    6
 -3.402102883903384e-14    7    6    9    7
 0.02077932970419337    7    6    9    8
 0.001660203147813592    7    6    9    9
 1.028638190733063e-15    7    6   10    3
 -4.754451094480905e-15    7    6   10    5
 0.6065876122556385    7    7    1    1
 1.712349597717546e-11    7    7    2    1
 0.6065870717827664    7    7    2    2
 -3.759557250978936e-10    7    7    3    1
 -0.005402180535788213    7    7    3    2
 0.4781958282989933    7    7    3    3
 0.006042631728703333    7    7    4    1
 -4.198337814282422e-10    7    7    4    2
 -9.626734112612543e-12    7    7    4    3
 0.4702523889797667    7    7    4    4
 -2.285808918850495e-10    7    7    5    1
 -0.003291355027917688    7    7    5    2
 -0.02126535480132269    7    7    5    3
 -4.962395066118966e-12    7    7    5    4
 0.4637842955786388    7    7    5    5
 0.4618689866095036    7    7    6    6
 0.5024525348910692    7    7    7    7
 -1.048891545331048e-11    7    7    8    6
 4.97671307255793e-13    7    7    8    7
 0.4656182432261934    7    7    8    8
 -4.172754728235332e-13    7    7    9    6
 -1.247596780305516e-11    7    7    9    7
 -0.001660203147813601    7    7    9    8
 0.5071769026345809    7    7    9    9
 -0.001658934708330082    7    7   10    1
 1.154786575203018e-10    7    7   10    2
 -3.670979521745415e-12    7    7   10    3
 0.03019535586856469    7    7   10    4
 1.024987128198951e-11    7    7   10    5
 0.4896738388324651    7    7   10   10
 -1.539262142950078e-09    8    1    6    1
 -0.01112700632762535    8    1    6    2
 -0.01563261910957572    8    1    6    3
 1.052988074173566e-09    8    1    6    4
 -0.002349016717284908    8    1    6    5
 6.139329180297499e-11    8    1    7    1
 0.0004437992980226865    8    1    7    2
 0.0006235051174421636    8    1    7    3
 -4.199831744027587e-11    8    1    7    4
 9.369024690732603e-05    8    1    7    5
 0.01152979816897434    8    1    8    1
 -1.117720210977228e-11    8    1    8    2
 1.022930694611356e-09    8    1    8    3
 -0.01651706174196742    8    1    8    4
 2.01954554359914e-10    8    1    8    5
 2.076828707649982e-10    8    1   10    6
 -8.283409944041505e-12    8    1   10    7
 -0.003392911074902789    8    1   10    8
 -0.0110291362297863    8    2    6    1
 1.539230264598514e-09    8    2    6    2
 1.085102343036216e-09    8    2    6    3
 0.01517009654161872    8    2    6    4
 1.633363763306731e-10    8    2    6    5
 0.00043989576103893    8    2    7    1
 -6.139200627480669e-11    8    2    7    2
 -4.327917778584258e-11    8    2    7    3
 -0.0006050574609085868    8    2    7    4
 -6.514645724222446e-12    8    2    7    5
 -1.117720198041747e-11    8    2    8    1
 0.01137667468320769    8    2    8    2
 0.01471990036504908    8    2    8    3
 1.149134916332266e-09    8    2    8    4
 0.002911303319196937    8    2    8    5
 0.002989070034031041    8    2   10    6
 -0.0001192186958274811    8    2   10    7
 2.358424318548963e-10    8    2   10    8
 -0.01437642130826983    8    3    6    1
 9.977834256246608e-10    8    3    6    2
 -8.819897110223546e-12    8    3    6    3
 0.06766855339534068    8    3    6    4
 -2.1407003057799e-13    8    3    6    5
 0.0005734018204742203    8    3    7    1
 -3.97964732840111e-11    8    3    7    2
 3.516901415303784e-13    8    3    7    3
 -0.002698952046113553    8    3    7    4
 8.588548912044826e-15    8    3    7    5
 1.022930695057451e-09    8    3    8    1
 0.01471990036504908    8    3    8    2
 0.06608611321723616    8    3    8    3
 2.493535346181382e-12    8    3    8    4
 0.01162528569650021    8    3    8    5
 -1.250016296321329e-15    8    3    9    4
 0.0142265922713473    8    3   10    6
 -0.000567425907506098    8    3   10    7
 -1.015629268741741e-13    8    3   10    8
 1.105237500805194e-09    8    4    6    1
 0.01592101665006281    8    4    6    2
 0.07754480709522654    8    4    6    3
 8.560164063588035e-12    8    4    6    4
 0.01324967166352341    8    4    6    5
 -4.408227944597255e-11    8    4    7    1
 -0.0006350078183709726    8    4    7    2
 -0.003092865227255664    8    4    7    3
 -3.413256316363165e-13    8    4    7    4
 -0.0005284615475326761    8    4    7    5
 -0.01651706174196742    8    4    8    1
 1.149134918089149e-09    8    4    8    2
 2.493526325836408e-12    8    4    8    3
 0.08094681893718779    8    4    8    4
 2.083750087276879e-12    8    4    8    5
 -1.248251256902091e-15    8    4    9    3
 8.551455729512068e-13    8    4   10    6
 -3.408417182527941e-14    8    4   10    7
 0.01253930952264894    8    4   10    8
 -2.037590934439472e-15    8    5    2    1
 1.208527501417027e-15    8    5    4    3
 -0.002788507204256554    8    5    6    1
 1.938789127378505e-10    8    5    6    2
 -2.759948872643372e-13    8    5    6    3
 0.01647297975909564    8    5    6    4
 -2.862288059639526e-13    8    5    6    5
 0.0001112192716838663    8    5    7    1
 -7.732831088210734e-12    8    5    7    2
 1.105842996960806e-14    8    5    7    3
 -0.0006570228000390441    8    5    7    4
 1.141012200226433e-14    8    5    7    5
 2.019545549087538e-10    8    5    8    1
 0.002911303319196938    8    5    8    2
 0.01162528569650021    8    5    8    3
 2.083751154942722e-12    8    5    8    4
 0.02137885301963689    8    5    8    5
 1.338978499389478e-15    8    5    8    6
 1.233274016250021e-15    8    5    9    7
 -1.235438818695755e-15    8    5   10    5
 -0.01707594061998974    8    5   10    6
 0.0006810718208556852    8    5   10    7
 -7.144873231210128e-13    8    5   10    8
 -4.928292452064063e-08    8    6    1    1
 -0.3546915441282402    8    6    2    1
 4.928237869380103e-08    8    6    2    2
 0.005876688454143493    8    6    3    1
 -4.078984079114425e-10    8    6    3    2
 -2.652390359461876e-11    8    6    3    3
 -4.022609152131548e-10    8    6    4    1
 -0.005795597836509543    8    6    4    2
 0.2117730397337585    8    6    4    3
 2.494617504406186e-11    8    6    4    4
 -0.001139740207605678    8    6    5    1
 7.906850039875621e-11    8    6    5    2
 -2.934899488348209e-12    8    6    5    3
 0.08542679491604444    8    6    5    4
 -4.669244464564347e-12    8    6    5    5
 1.378527512367688e-15    8    6    6    5
 -1.251679360323683e-11    8    6    6    6
 -4.974293430395265e-15    8    6    7    5
 4.536859883679651e-14    8    6    7    6
 -1.048886319759928e-11    8    6    7    7
 1.338978499389479e-15    8    6    8    5
 0.2555101614404069    8    6    8    6
 -0.009381620623674524    8    6    8    7
 1.226670144847741e-11    8    6    8    8
 -1.255279831076906e-15    8    6    9    5
 0.009381620623674515    8    6    9    6
 0.2149247964700972    8    6    9    7
 3.454618771000016e-14    8    6    9    8
 1.029701324206655e-11    8    6    9    9
 -2.685892993457493e-10    8    6   10    1
 -0.003866308115927588    8    6   10    2
 0.04320190928267887    8    6   10    3
 3.2998026973633e-12    8    6   10    4
 -0.1997595608174574    8    6   10    5
 1.280841814842626e-15    8    6   10    6
 -1.275167648326853e-15    8    6   10    7
 1.650636714508744e-15    8    6   10    8
 -4.956813361424094e-15    8    6   10    9
 5.939693181744587e-12    8    6   10   10
 1.965643606217896e-09    8    7    1    1
 0.01414682922466618    8    7    2    1
 -1.965621557464447e-09    8    7    2    2
 -0.0002343910063366978    8    7    3    1
 1.626897370586016e-11    8    7    3    2
 1.057951808138397e-12    8    7    3    3
 1.604413136803987e-11    8    7    4    1
 0.0002311567168860998    8    7    4    2
 -0.008446542008395723    8    7    4    3
 -9.948983427023586e-13    8    7    4    4
 4.545839996584041e-05    8    7    5    1
 -3.153633867106357e-12    8    7    5    2
 1.170993674039085e-13    8    7    5    3
 -0.003407237355652653    8    7    5    4
 1.862917980739337e-13    8    7    5    5
 4.207518985825459e-13    8    7    6    6
 -9.93813063528284e-13    8    7    7    6
 4.976703164467963e-13    8    7    7    7
 -0.009381620623674524    8    7    8    6
 0.02066686728603566    8    7    8    7
 -4.891620115084007e-13    8    7    8    8
 0.01991849768427406    8    7    9    6
 -0.009381620623674531    8    7    9    7
 9.675521717282227e-13    8    7    9    8
 -4.113341611766685e-13    8    7    9    9
 1.071265726168286e-11    8    7   10    1
 0.0001542072303426351    8    7   10    2
 -0.001723102912711692    8    7   10    3
 -1.316396556282298e-13    8    7   10    4
 0.00796738585867485    8    7   10    5
 -2.368487350690174e-13    8    7   10   10
 0.6178406914896226    8    8    1    1
 -1.703658594834793e-11    8    8    2    1
 0.6178432949751472    8    8    2    2
 -4.050029455879621e-10    8    8    3    1
 -0.005828216297173953    8    8    3    2
 0.4800405460132409    8    8    3    3
 0.006342886992297357    8    8    4    1
 -4.412854662105906e-10    8    8    4    2
 1.066089032401033e-11    8    8    4    3
 0.4754055958524705    8    8    4    4
 -1.96322978785335e-10    8    8    5    1
 -0.002825603497923742    8    8    5    2
 -0.01642699304963863    8    8    5    3
 3.583787153545672e-12    8    8    5    4
 0.4669988856101256    8    8    5    5
 0.5071769026345804    8    8    6    6
 -0.001660203147813493    8    8    7    6
 0.4656182432261934    8    8    7    7
 1.22665989750391e-11    8    8    8    6
 -4.891602870939805e-13    8    8    8    7
 0.5128367502239445    8    8    8    8
 4.114887742638559e-13    8    8    9    6
 1.033228511032563e-11    8    8    9    7
 0.4698056874637832    8    8    9    9
 -0.00102408915454333    8    8   10    1
 7.099185374432854e-11    8    8   10    2
 6.544515413052545e-13    8    8   10    3
 0.02681773627109058    8    8   10    4
 -9.1410267415112e-12    8    8   10    5
 0.4922467282173222    8    8   10   10
 -6.139327303557007e-11    9    1    6    1
 -0.0004437992980226862    9    1    6    2
 -0.0006235051174421633    9    1    6    3
 4.199827991280176e-11    9    1    6    4
 -9.369024690732598e-05    9    1    6    5
 -1.539262079977951e-09    9    1    7    1
 -0.01112700632762535    9    1    7    2
 -0.01563261910957573    9    1    7    3
 1.052987943065849e-09    9    1    7    4
 -0.002349016717284909    9    1    7    5
 0.01152979816897435    9    1    9    1
 -1.117539506961387e-11    9    1    9    2
 1.022933142504905e-09    9    1    9    3
 -0.01651706174196744    9    1    9    4
 2.019549737293394e-10    9    1    9    5
 8.283400863766792e-12    9    1   10    6
 2.076828381409179e-10    9    1   10    7
 -0.003392911074902792    9    1   10    9
 -0.0004398957610389298    9    2    6    1
 6.139202102303931e-11    9    2    6    2
 4.327917271053611e-11    9    2    6    3
 0.0006050574609085867    9    2    6    4
 6.514659529252014e-12    9    2    6    5
 -0.01102913622978631    9    2    7    1
 1.5392303105111e-09    9    2    7    2
 1.085102311457125e-09    9    2    7    3
 0.01517009654161873    9    2    7    4
 1.633364285596385e-10    9    2    7    5
 -1.117539688028927e-11    9    2    9    1
 0.0113766746832077    9    2    9    2
 0.0147199003650491    9    2    9    3
 1.14913238569646e-09    9    2    9    4
 0.002911303319196942    9    2    9    5
 0.0001192186958274811    9    2   10    6
 0.002989070034031044    9    2   10    7
 2.358419223802422e-10    9    2   10    9
 -0.0005734018204742199    9    3    6    1
 3.979646805297609e-11    9    3    6    2
 -3.519009836029598e-13    9    3    6    3
 0.002698952046113552    9    3    6    4
 -8.469967349231476e-15    9    3    6    5
 -0.01437642130826983    9    3    7    1
 9.977833898764559e-10    9    3    7    2
 -8.820802186519049e-12    9    3    7    3
 0.06766855339534074    9    3    7    4
 -2.136127932873406e-13    9    3    7    5
 -1.248203911514926e-15    9    3    8    4
 1.022933144529529e-09    9    3    9    1
 0.0147199003650491    9    3    9    2
 0.06608611321723624    9    3    9    3
 2.481685760449387e-12    9    3    9    4
 0.01162528569650022    9    3    9    5
 -1.766895486713886e-15    9    3   10    4
 0.0005674259075060978    9    3   10    6
 0.01422659227134731    9    3   10    7
 -1.042490746505642e-13    9    3   10    9
 -1.026426982496834e-15    9    3   10   10
 -1.107187320794345e-15    9    4    2    1
 4.408224192002839e-11    9    4    6    1
 0.0006350078183709724    9    4    6    2
 0.003092865227255662    9    4    6    3
 3.415526762133237e-13    9    4    6    4
 0.0005284615475326759    9    4    6    5
 1.105237367725698e-09    9    4    7    1
 0.01592101665006282    9    4    7    2
 0.0775448070952266    9    4    7    3
 8.560973879016075e-12    9    4    7    4
 0.01324967166352342    9    4    7    5
 -1.250102319810571e-15    9    4    8    3
 -0.01651706174196743    9    4    9    1
 1.149132383768699e-09    9    4    9    2
 2.481673236561436e-12    9    4    9    3
 0.08094681893718789    9    4    9    4
 2.081323817202413e-12    9    4    9    5
 1.072481984338265e-15    9    4    9    7
 -1.495928534909016e-15    9    4   10    3
 -1.174969356027403e-15    9    4   10    5
 3.413886610680163e-14    9    4   10    6
 8.553476286275779e-13    9    4   10    7
 0.01253930952264895    9    4   10    9
 2.087410034045542e-15    9    5    2    1
 -1.238567789797601e-15    9    5    4    3
 -0.0001112192716838663    9    5    6    1
 7.732844904416441e-12    9    5    6    2
 -1.093987742423229e-14    9    5    6    3
 0.0006570228000390437    9    5    6    4
 -1.14238746641649e-14    9    5    6    5
 -0.002788507204256556    9    5    7    1
 1.938789643483424e-10    9    5    7    2
 -2.755401200643899e-13    9    5    7    3
 0.01647297975909565    9    5    7    4
 -2.863030490540586e-13    9    5    7    5
 -1.255279831076906e-15    9    5    8    6
 2.019549736193099e-10    9    5    9    1
 0.002911303319196941    9    5    9    2
 0.01162528569650022    9    5    9    3
 2.08132569972272e-12    9    5    9    4
 0.02137885301963691    9    5    9    5
 -1.37619019208467e-15    9    5    9    7
 1.269150124032549e-15    9    5   10    5
 -0.0006810718208556847    9    5   10    6
 -0.01707594061998975    9    5   10    7
 -7.115367323118349e-13    9    5   10    9
 -1.965643265226146e-09    9    6    1    1
 -0.01414682922466617    9    6    2    1
 1.965621900217414e-09    9    6    2    2
 0.0002343910063366975    9    6    3    1
 -1.626898411053899e-11    9    6    3    2
 -1.057830200822119e-12    9    6    3    3
 -1.604412368023912e-11    9    6    4    1
 -0.0002311567168860993    9    6    4    2
 0.008446542008395719    9    6    4    3
 9.950884894624065e-13    9    6    4    4
 -4.545839996584043e-05    9    6    5    1
 3.15364275498887e-12    9    6    5    2
 -1.170035045898216e-13    9    6    5    3
 0.003407237355652651    9    6    5    4
 -1.861428653280219e-13    9    6    5    5
 -4.991306536001424e-13    9    6    6    6
 -9.966414541673974e-13    9    6    7    6
 -4.172761998743283e-13    9    6    7    7
 0.009381620623674517    9    6    8    6
 0.01991849768427406    9    6    8    7
 4.11487725534894e-13    9    6    8    8
 0.02066686728603568    9    6    9    6
 0.009381620623674529    9    6    9    7
 9.637843331282671e-13    9    6    9    8
 4.877227094413072e-13    9    6    9    9
 -1.071264432659511e-11    9    6   10    1
 -0.0001542072303426349    9    6   10    2
 0.001723102912711692    9    6   10    3
 1.315752155277263e-13    9    6   10    4
 -0.007967385858674849    9    6   10    5
 2.369883803088335e-13    9    6   10   10
 -4.928292389695057e-08    9    7    1    1
 -0.3546915441282404    9    7    2    1
 4.928237937315865e-08    9    7    2    2
 0.005876688454143487    9    7    3    1
 -4.078984393042669e-10    9    7    3    2
 -2.652396676137442e-11    9    7    3    3
 -4.022608988321517e-10    9    7    4    1
 -0.005795597836509529    9    7    4    2
 0.2117730397337586    9    7    4    3
 2.494639848695843e-11    9    7    4    4
 -0.001139740207605679    9    7    5    1
 7.906854119296169e-11    9    7    5    2
 -2.93450540285287e-12    9    7    5    3
 0.08542679491604446    9    7    5    4
 -4.669202252545016e-12    9    7    5    5
 1.24800573979445e-15    9    7    6    5
 -1.052288331086107e-11    9    7    6    6
 1.129097424997811e-15    9    7    7    3
 -5.416581283807999e-15    9    7    7    5
 -3.402136836922121e-14    9    7    7    6
 -1.247594199922547e-11    9    7    7    7
 1.233274016250021e-15    9    7    8    5
 0.2149247964700973    9    7    8    6
 -0.009381620623674534    9    7    8    7
 1.03322553010483e-11    9    7    8    8
 1.072481984338265e-15    9    7    9    4
 -1.37619019208467e-15    9    7    9    5
 0.009381620623674529    9    7    9    6
 0.2555101614404072    9    7    9    7
 -4.248634155607506e-14    9    7    9    8
 1.222522083565991e-11    9    7    9    9
 -2.685892498039781e-10    9    7   10    1
 -0.003866308115927588    9    7   10    2
 0.04320190928267889    9    7   10    3
 3.299516938144929e-12    9    7   10    4
 -0.1997595608174576    9    7   10    5
 1.172827948494438e-15    9    7   10    6
 -1.380740284459809e-15    9    7   10    7
 1.53407725448925e-15    9    7   10    8
 -5.388712249268178e-15    9    7   10    9
 5.939748692895819e-12    9    7   10   10
 6.101953622425432e-15    9    8    2    1
 -3.643298987377511e-15    9    8    4    3
 -1.46966766434278e-15    9    8    5    4
 0.001660203147813459    9    8    6    6
 0.02077932970419337    9    8    7    6
 -0.001660203147813601    9    8    7    7
 3.454570774913204e-14    9    8    8    6
 9.675497519472319e-13    9    8    8    7
 9.637902540159829e-13    9    8    9    6
 -4.248649163087986e-14    9    8    9    7
 0.02151553138008083    9    8    9    8
 3.436573839444886e-15    9    8   10    5
 0.6178406914896231    9    9    1    1
 -1.697879827919114e-11    9    9    2    1
 0.6178432949751478    9    9    2    2
 -4.050039059405349e-10    9    9    3    1
 -0.005828216297173939    9    9    3    2
 0.4800405460132414    9    9    3    3
 0.006342886992297349    9    9    4    1
 -4.412845084764267e-10    9    9    4    2
 1.062630869398649e-11    9    9    4    3
 0.475405595852471    9    9    4    4
 -1.963227921707703e-10    9    9    5    1
 -0.002825603497923742    9    9    5    2
 -0.01642699304963865    9    9    5    3
 3.569864201024716e-12    9    9    5    4
 0.4669988856101261    9    9    5    5
 0.4656182432261939    9    9    6    6
 0.001660203147813593    9    9    7    6
 0.5071769026345809    9    9    7    7
 1.029702246227894e-11    9    9    8    6
 -4.113340605428428e-13    9    9    8    7
 0.4698056874637832    9    9    8    8
 4.877226841248294e-13    9    9    9    6
 1.222521354978766e-11    9    9    9    7
 0.5128367502239457    9    9    9    9
 -0.001024089154543336    9    9   10    1
 7.099248852324714e-11    9    9   10    2
 6.4738474909158e-13    9    9   10    3
 0.02681773627109059    9    9   10    4
 -9.108406743241237e-12    9    9   10    5
 0.4922467282173227    9    9   10   10
 0.04139318069764789   10    1    1    1
 3.304837391023787e-09   10    1    2    1
 0.04148302585279404   10    1    2    2
 -1.096044415245607e-09   10    1    3    1
 -0.00787650641468577   10    1    3    2
 -0.005309254271337531   10    1    3    3
 0.005631171131949948   10    1    4    1
 1.334102592787636e-12   10    1    4    2
 -3.340413259839369e-10   10    1    4    3
 0.004105138198099074   10    1    4    4
 1.395059880225998e-09   10    1    5    1
 0.01014293826203955   10    1    5    2
 0.01677085371447051   10    1    5    3
 -1.151326430465065e-09   10    1    5    4
 0.002851005019439249   10    1    5    5
 -0.001658934708330082   10    1    6    6
 -0.001658934708330082   10    1    7    7
 -2.685892999798743e-10   10    1    8    6
 1.07126571064855e-11   10    1    8    7
 -0.001024089154543329   10    1    8    8
 -1.071264431863124e-11   10    1    9    6
 -2.685892482318035e-10   10    1    9    7
 -0.00102408915454333   10    1    9    9
 0.01441107404383758   10    1   10    1
 -1.638620601742513e-11   10    1   10    2
 1.017668185264118e-09   10    1   10    3
 -0.01694904126277695   10    1   10    4
 2.877577689162419e-10   10    1   10    5
 -0.00719502745391528   10    1   10   10
 3.721367367758805e-09   10    2    1    1
 0.04747763344009008   10    2    2    1
 -9.47844378124353e-09   10    2    2    2
 -0.007894572239520564   10    2    3    1
 1.095268449182044e-09   10    2    3    2
 3.695123380181546e-10   10    2    3    3
 1.334495972719975e-12   10    2    4    1
 0.005657753483555166   10    2    4    2
 -0.004798677431076747   10    2    4    3
 -2.855596774321462e-10   10    2    4    4
 0.009936328394225065   10    2    5    1
 -1.394861538286099e-09   10    2    5    2
 -1.16413063642383e-09   10    2    5    3
 -0.01658702071170715   10    2    5    4
 -1.982145929350123e-10   10    2    5    5
 1.154792685842268e-10   10    2    6    6
 1.154786537716252e-10   10    2    7    7
 -0.003866308115927589   10    2    8    6
 0.0001542072303426351   10    2    8    7
 7.099185672187413e-11   10    2    8    8
 -0.000154207230342635   10    2    9    6
 -0.003866308115927591   10    2    9    7
 7.099248749628528e-11   10    2    9    9
 -1.638620690991451e-11   10    2   10    1
 0.01417980192786288   10    2   10    2
 0.01463980179429342   10    2   10    3
 1.178844546648708e-09   10    2   10    4
 0.004146173501460064   10    2   10    5
 4.998929577573752e-10   10    2   10   10
 -1.161116769770071e-08   10    3    1    1
 -0.08355026373824008   10    3    2    1
 1.160663545632886e-08   10    3    2    2
 0.0008813798997315851   10    3    3    1
 -6.097367297741358e-11   10    3    3    2
 -7.259278645728557e-12   10    3    3    3
 -3.028648597598055e-10   10    3    4    1
 -0.00435616378945489   10    3    4    2
 0.03806183978378638   10    3    4    3
 5.15107709409449e-12   10    3    4    4
 0.01398750431152582   10    3    5    1
 -9.708148382286855e-10   10    3    5    2
 7.893333885609818e-12   10    3    5    3
 -0.04718927848420412   10    3    5    4
 -2.004025927232259e-12   10    3    5    5
 -3.677823976052404e-12   10    3    6    6
 -1.118685474612749e-15   10    3    7    5
 1.028491562872795e-15   10    3    7    6
 -3.670951425449082e-12   10    3    7    7
 0.04320190928267888   10    3    8    6
 -0.001723102912711693   10    3    8    7
 6.544593222870143e-13   10    3    8    8
 -1.495928534909017e-15   10    3    9    4
 0.001723102912711692   10    3    9    6
 0.0432019092826789   10    3    9    7
 6.474126790223522e-13   10    3    9    9
 1.017668183194598e-09   10    3   10    1
 0.01463980179429343   10    3   10    2
 0.07432997381729674   10    3   10    3
 2.031370409709041e-12   10    3   10    4
 -0.03850571454620277   10    3   10    5
 -1.203869918371783e-15   10    3   10    9
 -7.828945824961409e-13   10    3   10   10
 0.03907471676267303   10    4    1    1
 -1.165885041925607e-11   10    4    2    1
 0.03899785535977061   10    4    2    2
 3.296282970075687e-11   10    4    3    1
 0.0004762443268716917   10    4    3    2
 0.04838957608047233   10    4    3    3
 0.003163064974730083   10    4    4    1
 -2.199152939333726e-10   10    4    4    2
 6.121501189516229e-12   10    4    4    3
 0.004062180594285595   10    4    4    4
 -1.079063547053582e-09   10    4    5    1
 -0.01554432830048543   10    4    5    2
 -0.07622770052420245   10    4    5    3
 -7.203406293955802e-12   10    4    5    4
 0.004357074047540761   10    4    5    5
 0.03019535586856471   10    4    6    6
 0.03019535586856471   10    4    7    7
 3.29980151860121e-12   10    4    8    6
 -1.316398213189679e-13   10    4    8    7
 0.0268177362710906   10    4    8    8
 -1.766895486713887e-15   10    4    9    3
 1.315755443252822e-13   10    4    9    6
 3.299519396175783e-12   10    4    9    7
 0.02681773627109062   10    4    9    9
 -0.01694904126277694   10    4   10    1
 1.178844549161109e-09   10    4   10    2
 2.031359331055121e-12   10    4   10    3
 0.07647877066383796   10    4   10    4
 -1.957709667950533e-12   10    4   10    5
 0.04439193592425485   10    4   10   10
 4.65128229238808e-08   10    5    1    1
 0.3347489196776434   10    5    2    1
 -4.65106216572197e-08   10    5    2    2
 -0.005624251949220594   10    5    3    1
 3.903820452777133e-10   10    5    3    2
 2.530588522282307e-11   10    5    3    3
 3.808318245292953e-10   10    5    4    1
 0.005486131841120129   10    5    4    2
 -0.1959533839539172   10    5    4    3
 -2.280834113565555e-11   10    5    4    4
 0.001355002260547177   10    5    5    1
 -9.427146477352931e-11   10    5    5    2
 2.165216296556479e-12   10    5    5    3
 -0.08879544701578083   10    5    5    4
 5.464266310610544e-12   10    5    5    5
 -1.279780385905839e-15   10    5    6    5
 1.028168794482623e-11   10    5    6    6
 -1.068182141019773e-15   10    5    7    3
 5.033148193799215e-15   10    5    7    5
 -4.756858844523709e-15   10    5    7    6
 1.024988205271754e-11   10    5    7    7
 -1.235438818695755e-15   10    5    8    5
 -0.1997595608174574   10    5    8    6
 0.00796738585867485   10    5    8    7
 -9.140976748061818e-12   10    5    8    8
 -1.174969356027403e-15   10    5    9    4
 1.269150124032548e-15   10    5    9    5
 -0.007967385858674845   10    5    9    6
 -0.1997595608174575   10    5    9    7
 3.436673395122033e-15   10    5    9    8
 -9.108352960751631e-12   10    5    9    9
 2.877577725136247e-10   10    5   10    1
 0.004146173501460061   10    5   10    2
 -0.03850571454620278   10    5   10    3
 -1.957720102837277e-12   10    5   10    4
 0.2232822837330884   10    5   10    5
 -1.18036705638357e-15   10    5   10    6
 1.270490975010393e-15   10    5   10    7
 -1.517769737555532e-15   10    5   10    8
 4.975301066637308e-15   10    5   10    9
 -5.80124837057383e-12   10    5   10   10
 -1.965942488488337e-15   10    6    2    1
 1.156354434753788e-15   10    6    4    3
 -0.002978746649213357   10    6    6    1
 2.067755888862253e-10   10    6    6    2
 -1.439548191756269e-12   10    6    6    3
 0.009964753752124892   10    6    6    4
 9.715815310195545e-13   10    6    6    5
 2.076828705920204e-10   10    6    8    1
 0.002989070034031042   10    6    8    2
 0.0142265922713473   10    6    8    3
 8.551437110902467e-13   10    6    8    4
 -0.01707594061998974   10    6    8    5
 1.280841814842626e-15   10    6    8    6
 8.283400871751118e-12   10    6    9    1
 0.0001192186958274811   10    6    9    2
 0.0005674259075060977   10    6    9    3
 3.413891212253131e-14   10    6    9    4
 -0.0006810718208556847   10    6    9    5
 1.172827948494437e-15   10    6    9    7
 -1.180367056383571e-15   10    6   10    5
 0.02295931215333341   10    6   10    6
 5.257638910514524e-13   10    6   10    8
 2.099655085213703e-14   10    6   10    9
 2.125944095955164e-15   10    7    2    1
 -1.247229507206672e-15   10    7    4    3
 1.096127511854869e-15   10    7    5    5
 -0.002978746649213357   10    7    7    1
 2.067760866030715e-10   10    7    7    2
 -1.436926206466933e-12   10    7    7    3
 0.009964753752124893   10    7    7    4
 9.687045530058387e-13   10    7    7    5
 -8.283409938137681e-12   10    7    8    1
 -0.0001192186958274812   10    7    8    2
 -0.0005674259075060981   10    7    8    3
 -3.408410595338051e-14   10    7    8    4
 0.0006810718208556852   10    7    8    5
 -1.275167648326853e-15   10    7    8    6
 2.076828387399605e-10   10    7    9    1
 0.002989070034031044   10    7    9    2
 0.0142265922713473   10    7    9    3
 8.553476262211189e-13   10    7    9    4
 -0.01707594061998975   10    7    9    5
 -1.380740284459809e-15   10    7    9    7
 1.270490975010394e-15   10    7   10    5
 0.02295931215333341   10    7   10    7
 -2.095081576491996e-14   10    7   10    8
 5.259195856588406e-13   10    7   10    9
 -2.524476312480567e-15   10    8    2    1
 1.490801980931934e-15   10    8    4    3
 2.270190854865464e-10   10    8    6    1
 0.003267285902642495   10    8    6    2
 0.01870735271329693   10    8    6    3
 1.089452477834054e-12   10    8    6    4
 -0.01908275358482246   10    8    6    5
 -9.05463253339556e-12   10    8    7    1
 -0.0001303153020082458   10    8    7    2
 -0.00074614049435845   10    8    7    3
 -4.342943827249207e-14   10    8    7    4
 0.0007611133125949694   10    8    7    5
 -0.003392911074902789   10    8    8    1
 2.358424332537214e-10   10    8    8    2
 -1.015640853187779e-13   10    8    8    3
 0.01253930952264894   10    8    8    4
 -7.144876765562186e-13   10    8    8    5
 1.650636714508744e-15   10    8    8    6
 1.53407725448925e-15   10    8    9    7
 -1.517769737555532e-15   10    8   10    5
 5.257675261867671e-13   10    8   10    6
 -2.095088694474723e-14   10    8   10    7
 0.02497750460589015   10    8   10    8
 8.273177305266109e-15   10    9    2    1
 -4.878590532315961e-15   10    9    4    3
 -2.199520112027135e-15   10    9    5    4
 9.054623484983961e-12   10    9    6    1
 0.0001303153020082457   10    9    6    2
 0.0007461404943584495   10    9    6    3
 4.348434792214015e-14   10    9    6    4
 -0.000761113312594969   10    9    6    5
 2.270190541791922e-10   10    9    7    1
 0.003267285902642497   10    9    7    2
 0.01870735271329694   10    9    7    3
 1.089658403298232e-12   10    9    7    4
 -0.01908275358482247   10    9    7    5
 -4.956813361424094e-15   10    9    8    6
 -0.003392911074902792   10    9    9    1
 2.358419225070437e-10   10    9    9    2
 -1.04249353384532e-13   10    9    9    3
 0.01253930952264895   10    9    9    4
 -7.115355034959642e-13   10    9    9    5
 -5.388712249268178e-15   10    9    9    7
 -1.203869918371783e-15   10    9   10    3
 4.975301066637311e-15   10    9   10    5
 2.099644410588225e-14   10    9   10    6
 5.259157838958716e-13   10    9   10    7
 0.02497750460589018   10    9   10    9
 0.660074197582654   10   10    1    1
 -1.155364663381954e-11   10   10    2    1
 0.6600530786541252   10   10    2    2
 -4.302966126448969e-10   10   10    3    1
 -0.006189060050059996   10   10    3    2
 0.5131527658978866   10   10    3    3
 0.008210365348479253   10   10    4    1
 -5.708938098164233e-10   10   10    4    2
 7.625734123045292e-12   10   10    4    3
 0.4901982709370254   10   10    4    4
 -6.091674833622229e-10   10   10    5    1
 -0.008767798679367269   10   10    5    2
 -0.04924442411711095   10   10    5    3
 -1.798144392249279e-13   10   10    5    4
 0.5256736382058288   10   10    5    5
 0.489673838832465   10   10    6    6
 0.489673838832465   10   10    7    7
 5.939720854705975e-12   10   10    8    6
 -2.368494920412237e-13   10   10    8    7
 0.4922467282173221   10   10    8    8
 -1.026426982496834e-15   10   10    9    3
 2.369888800395397e-13   10   10    9    6
 5.939710937668999e-12   10   10    9    7
 0.4922467282173226   10   10    9    9
 -0.007195027453915284   10   10   10    1
 4.998929590935058e-10   10   10   10    2
 -7.828973270609268e-13   10   10   10    3
 0.04439193592425485   10   10   10    4
 -5.80125780046826e-12   10   10   10    5
 0.5667765231980728   10   10   10   10
 -26.03402021164524    1    1  0  0
 -6.535561943125983e-11    2    1  0  0
 -26.0349602340373    2    2  0  0
 3.406788194287513e-08    3    1  0  0
 0.4899297989576541    3    2  0  0
 -7.219856229448029    3    3  0  0
 -0.5140751656624101    4    1  0  0
 3.574470292673919e-08    4    2  0  0
 -1.366162157743362e-11    4    3  0  0
 -7.030331814150742    4    4  0  0
 7.4038368387685e-09    5    1  0  0
 0.1066447376776111    5    2  0  0
 0.3051415790520343    5    3  0  0
 1.099439258790057e-11    5    4  0  0
 -6.766105242060712    5    5  0  0
 -1.191925244440028e-15    6    2  0  0
 -1.094284468807204e-15    6    3  0  0
 -6.703712576289719    6    6  0  0
 -1.901100079855572e-15    7    1  0  0
 2.110868565224283e-15    7    3  0  0
 -4.890535086546463e-15    7    4  0  0
 -6.703712576289719    7    7  0  0
 -1.221850812318031e-15    8    3  0  0
 3.565672991022625e-13    8    6  0  0
 -1.480837178115559e-14    8    7  0  0
 -6.718623643284647    8    8  0  0
 -2.745450395338763e-15    9    1  0  0
 -1.483904263649758e-15    9    2  0  0
 5.259112886614038e-15    9    3  0  0
 -1.166528633163023e-15    9    4  0  0
 1.329304480354485e-14    9    6  0  0
 3.574505191228945e-13    9    7  0  0
 1.011631244078149e-15    9    8  0  0
 -6.718623643284653    9    9  0  0
 -0.07409768418643023   10    1  0  0
 5.147098178999604e-09   10    2  0  0
 2.047504559671629e-11   10    3  0  0
 -0.4059972236854477   10    4  0  0
 -5.981177927034133e-12   10    5  0  0
 -3.017217602949593e-15   10    7  0  0
 -6.987855348793481   10   10  0  0
 0  0  0  0  0
