        1    0.972287017  2110000000000
        2    0.046911401  1200000000100
        3   -0.046911401  1020000000100
        4   -0.017169183  0110000000200
        5   -0.013884731  0110000020000
        6    0.002369365  1000000020100
        7   -0.025523304  0120100000000
        8   -0.009284590  2100100000000
       10    0.005693184  1010100000100
       11   -0.010414814  1010100000100
       13    0.001407735  0100100020000
       14   -0.014337089  0110200000000
       15    0.002593372  1000200000100
       18    0.015566497  2000000011000
       24   -0.013884730  0110000002000
       25   -0.002369366  1000000002100
       27   -0.025523305  0210010000000
       28    0.009284590  2010010000000
       30   -0.005693184  1100010000100
       31    0.010414813  1100010000100
       34   -0.001658954  0200110000000
       35   -0.001658955  0020110000000
       36    0.044961091  2000110000000
       43   -0.001407734  0010010002000
       45   -0.014337088  0110020000000
       46   -0.002593372  1000020000100
       50   -0.005804944  1100001010000
       53    0.010867068  1100001010000
       59    0.005804944  1010001001000
       64   -0.010867069  1010001001000
       66   -0.002276685  1000101001000
       68    0.001570150  1000011010000
       71   -0.001833790  1000011010000
       73   -0.007926458  0110002000000
       75    0.001411729  0100102000000
       77   -0.001411727  0010012000000
       79   -0.001489157  1101000010000
       80   -0.022021105  1101000010000
       81    0.001217877  0011000010100
       83    0.056060635  1101000010000
       84   -0.003827000  0011000010100
       88    0.001489156  1011000001000
       89    0.022021104  1011000001000
       90   -0.001217877  0101000001100
       94   -0.056060634  1011000001000
       95    0.003827000  0101000001100
      103   -0.001010439  0111001000000
      104    0.001428978  0111001000000
      108    0.001032023  0101101000000
      113   -0.001032024  0011011000000
      115   -0.032777463  0111001000000
      117    0.007278484  0101101000000
      118   -0.001215109  0001001011000
      119   -0.007278483  0011011000000
      120   -0.002669780  0001111000000
      121   -0.135746522  0112000000000
      124   -0.004648263  0002000011000
      126   -0.006482412  0002110000000
      127    0.032993805  1110000000001
      128   -0.046660286  1110000000001
      129    0.010345524  1110000000001
      130    0.001272749  0200000000101
      131   -0.001272749  0020000000101
      135   -0.003416013  1100100000001
      138   -0.006535214  1100100000001
      146    0.003416013  1010010000001
      151    0.006535215  1010010000001
      153    0.001570151  1000110000001
      163    0.001346543  0100001010001
      164   -0.001346543  0010001001001
      169    0.002543734  0101000010001
      172   -0.002543734  0011000001001
      178    0.007087625  0101000010001
      179   -0.007087625  0011000001001
      184   -0.012789911  0110000000002
      190   -0.054168613  1110000000010
      191   -0.038302993  1110000000010
      195    0.031133006  2000000000110
      198   -0.005693186  1100100000010
      199    0.001700858  0010100000110
      201   -0.010414816  1100100000010
      205   -0.002901867  1000000011010
      206   -0.001675394  1000000011010
      209   -0.005693186  1010010000010
      210    0.001700858  0100010000110
      213   -0.003176213  1000110000010
      214   -0.010414817  1010010000010
      216   -0.001833788  1000110000010
      231    0.001217876  0101000010010
      232    0.003550391  0101000010010
      233    0.001217876  0011000001010
      235    0.003550391  0011000001010
      241    0.001504537  0101000010010
      242    0.001504537  0011000001010
      246    0.004887592  0002000000110
      247    0.001469644  0110000000011
      248    0.001039195  0110000000011
      250    0.002233858  1000000000111
      260    0.003869157  1000000000111
      266   -0.017169182  0110000000020
      273   -0.022246314  1110000100000
      274    0.031461036  1110000100000
      275   -0.003207920  1110000100000
      281   -0.030652160  1100100100000
      282    0.001417978  0010100100100
      284    0.041102875  1100100100000
      285   -0.001027555  0010100100100
      289   -0.001172436  1000000111000
      292    0.030652159  1010010100000
      293   -0.001417978  0100010100100
      295    0.005355727  1000110100000
      296   -0.002695704  1000110100000
      297   -0.041102875  1010010100000
      298    0.001027556  0100010100100
      299    0.004669099  1000110100000
      309    0.001951626  0100001110000
      310   -0.001951627  0010001101000
      315   -0.002766317  0101000110000
      318    0.002766316  0011000101000
      320    0.001034228  0001010110000
      324    0.001356228  0101000110000
      325   -0.001356227  0011000101000
      326   -0.001587059  0001100101000
      327   -0.001587058  0001010110000
      335   -0.001633056  0100100100001
      340    0.001633057  0010010100001
      342    0.003549335  0110000100001
      352    0.001353813  1000000100110
      353   -0.001417977  0100100100010
      357   -0.001417976  0010010100010
      364   -0.002344871  1000000100110
      371   -0.030716852  0110000200000
      373   -0.004632247  0100100200000
      375    0.004632246  0010010200000
      376   -0.002771128  0000110200000
      378   -0.001089593  0000000200110
