 $DATA  
C with OH symmetry and CVB1 basis                                               
OH       0

C           6.0      0.0000000000      0.0000000000      0.0000000000
   1S     14
   1S     14
   1S     14
   2S     14
   2S     14
   2S     14
   2P     14
   2P     14
   2P     14
   2P     14
   3D     14
        
 $END      
--- OPEN SHELL ORBITALS --- GENERATED AT Wed Mar 15 21:10:31 2017
C with OH symmetry and CVB1 basis                                               
E(RO-PBE)=      -37.8148991258, E(NUC)=    0.0000000000,   17 ITERS
 $VEC   
 1  1 1.52058277E-01 8.51419336E-01 2.07913919E-03 6.75588026E-03 1.73185243E-03
 1  2-1.67998193E-03-0.00000000E+00-0.00000000E+00-0.00000000E+00-0.00000000E+00
 1  3-0.00000000E+00-0.00000000E+00-0.00000000E+00-0.00000000E+00-0.00000000E+00
 1  4-0.00000000E+00-0.00000000E+00-0.00000000E+00-0.00000000E+00-0.00000000E+00
 1  5-0.00000000E+00-0.00000000E+00-0.00000000E+00-0.00000000E+00
 2  1 2.64210591E-02-2.65283014E-01-1.79961205E-02-3.77567411E-02 5.73891203E-01
 2  2 5.17940935E-01 0.00000000E+00 0.00000000E+00 0.00000000E+00 0.00000000E+00
 2  3 0.00000000E+00 0.00000000E+00 0.00000000E+00 0.00000000E+00 0.00000000E+00
 2  4 0.00000000E+00 0.00000000E+00 0.00000000E+00 0.00000000E+00 0.00000000E+00
 2  5 0.00000000E+00 0.00000000E+00 0.00000000E+00 0.00000000E+00
 3  1-0.00000000E+00-0.00000000E+00-0.00000000E+00-0.00000000E+00-0.00000000E+00
 3  2-0.00000000E+00 1.11112024E-01-0.00000000E+00-0.00000000E+00 4.75408745E-01
 3  3-0.00000000E+00-0.00000000E+00 4.89420282E-01-0.00000000E+00-0.00000000E+00
 3  4 1.51192505E-03-0.00000000E+00-0.00000000E+00-0.00000000E+00-0.00000000E+00
 3  5-0.00000000E+00-0.00000000E+00-0.00000000E+00-0.00000000E+00
 4  1-0.00000000E+00-0.00000000E+00-0.00000000E+00-0.00000000E+00-0.00000000E+00
 4  2-0.00000000E+00-0.00000000E+00 1.11112024E-01-0.00000000E+00-0.00000000E+00
 4  3 4.75408745E-01-0.00000000E+00-0.00000000E+00 4.89420282E-01-0.00000000E+00
 4  4-0.00000000E+00 1.51192505E-03-0.00000000E+00-0.00000000E+00-0.00000000E+00
 4  5-0.00000000E+00-0.00000000E+00-0.00000000E+00-0.00000000E+00
 5  1-0.00000000E+00-0.00000000E+00-0.00000000E+00-0.00000000E+00-0.00000000E+00
 5  2-0.00000000E+00-0.00000000E+00-0.00000000E+00 1.11112024E-01-0.00000000E+00
 5  3-0.00000000E+00 4.75408745E-01-0.00000000E+00-0.00000000E+00 4.89420282E-01
 5  4-0.00000000E+00-0.00000000E+00 1.51192505E-03-0.00000000E+00-0.00000000E+00
 5  5-0.00000000E+00-0.00000000E+00-0.00000000E+00-0.00000000E+00
 6  1 0.00000000E+00 0.00000000E+00 0.00000000E+00 0.00000000E+00 0.00000000E+00
 6  2 0.00000000E+00 0.00000000E+00-2.27632371E-01 0.00000000E+00 0.00000000E+00
 6  3 2.11720120E+00 0.00000000E+00 0.00000000E+00-2.04202460E+00 0.00000000E+00
 6  4 0.00000000E+00 4.17053876E-02 0.00000000E+00 0.00000000E+00 0.00000000E+00
 6  5 0.00000000E+00 0.00000000E+00 0.00000000E+00 0.00000000E+00
 7  1 0.00000000E+00 0.00000000E+00 0.00000000E+00 0.00000000E+00 0.00000000E+00
 7  2 0.00000000E+00-2.27632371E-01 0.00000000E+00 0.00000000E+00 2.11720120E+00
 7  3 0.00000000E+00 0.00000000E+00-2.04202460E+00 0.00000000E+00 0.00000000E+00
 7  4 4.17053876E-02 0.00000000E+00 0.00000000E+00 0.00000000E+00 0.00000000E+00
 7  5 0.00000000E+00 0.00000000E+00 0.00000000E+00 0.00000000E+00
 8  1 0.00000000E+00 0.00000000E+00 0.00000000E+00 0.00000000E+00 0.00000000E+00
 8  2 0.00000000E+00 0.00000000E+00 0.00000000E+00-2.27632371E-01 0.00000000E+00
 8  3 0.00000000E+00 2.11720120E+00 0.00000000E+00 0.00000000E+00-2.04202460E+00
 8  4 0.00000000E+00 0.00000000E+00 4.17053876E-02 0.00000000E+00 0.00000000E+00
 8  5 0.00000000E+00 0.00000000E+00 0.00000000E+00 0.00000000E+00
 9  1-1.59265230E+00 1.20895899E+00 6.60519569E-01-1.39208681E+00 3.50863606E+00
 9  2-2.79541907E+00-0.00000000E+00-0.00000000E+00-0.00000000E+00-0.00000000E+00
 9  3-0.00000000E+00-0.00000000E+00-0.00000000E+00-0.00000000E+00-0.00000000E+00
 9  4-0.00000000E+00-0.00000000E+00-0.00000000E+00-0.00000000E+00-0.00000000E+00
 9  5-0.00000000E+00-0.00000000E+00-0.00000000E+00-0.00000000E+00
10  1 0.00000000E+00 0.00000000E+00 0.00000000E+00 0.00000000E+00 0.00000000E+00
10  2 0.00000000E+00 0.00000000E+00 0.00000000E+00 0.00000000E+00 0.00000000E+00
10  3 0.00000000E+00 0.00000000E+00 0.00000000E+00 0.00000000E+00 0.00000000E+00
10  4 0.00000000E+00 0.00000000E+00 0.00000000E+00 0.00000000E+00 0.00000000E+00
10  5 0.00000000E+00 0.00000000E+00 0.00000000E+00 1.00000001E+00
11  1 0.00000000E+00 0.00000000E+00 0.00000000E+00 0.00000000E+00 0.00000000E+00
11  2 0.00000000E+00 0.00000000E+00 0.00000000E+00 0.00000000E+00 0.00000000E+00
11  3 0.00000000E+00 0.00000000E+00 0.00000000E+00 0.00000000E+00 0.00000000E+00
11  4 0.00000000E+00 0.00000000E+00 0.00000000E+00 0.00000000E+00 0.00000000E+00
11  5 0.00000000E+00 0.00000000E+00 1.00000001E+00 0.00000000E+00
12  1 0.00000000E+00 0.00000000E+00 0.00000000E+00 0.00000000E+00 0.00000000E+00
12  2 0.00000000E+00 0.00000000E+00 0.00000000E+00 0.00000000E+00 0.00000000E+00
12  3 0.00000000E+00 0.00000000E+00 0.00000000E+00 0.00000000E+00 0.00000000E+00
12  4 0.00000000E+00 0.00000000E+00 0.00000000E+00 0.00000000E+00 0.00000000E+00
12  5 0.00000000E+00 1.00000001E+00 0.00000000E+00 0.00000000E+00
13  1 0.00000000E+00 0.00000000E+00 0.00000000E+00 0.00000000E+00 0.00000000E+00
13  2 0.00000000E+00 0.00000000E+00 0.00000000E+00 0.00000000E+00 0.00000000E+00
13  3 0.00000000E+00 0.00000000E+00 0.00000000E+00 0.00000000E+00 0.00000000E+00
13  4 0.00000000E+00 0.00000000E+00 0.00000000E+00 8.66025408E-01-8.66025408E-01
13  5 0.00000000E+00 0.00000000E+00 0.00000000E+00 0.00000000E+00
14  1 0.00000000E+00 0.00000000E+00 0.00000000E+00 0.00000000E+00 0.00000000E+00
14  2 0.00000000E+00 0.00000000E+00 0.00000000E+00 0.00000000E+00 0.00000000E+00
14  3 0.00000000E+00 0.00000000E+00 0.00000000E+00 0.00000000E+00 0.00000000E+00
14  4 0.00000000E+00 0.00000000E+00 0.00000000E+00-5.00000003E-01-5.00000003E-01
14  5 1.00000001E+00 0.00000000E+00 0.00000000E+00 0.00000000E+00
15  1-0.00000000E+00-0.00000000E+00-0.00000000E+00-0.00000000E+00-0.00000000E+00
15  2-0.00000000E+00-2.08698621E+00-0.00000000E+00-0.00000000E+00 2.62876898E+00
15  3-0.00000000E+00-0.00000000E+00-1.31315466E+00-0.00000000E+00-0.00000000E+00
15  4 2.36616714E-01-0.00000000E+00-0.00000000E+00-0.00000000E+00-0.00000000E+00
15  5-0.00000000E+00-0.00000000E+00-0.00000000E+00-0.00000000E+00
16  1-0.00000000E+00-0.00000000E+00-0.00000000E+00-0.00000000E+00-0.00000000E+00
16  2-0.00000000E+00-0.00000000E+00-2.08698621E+00-0.00000000E+00-0.00000000E+00
16  3 2.62876898E+00-0.00000000E+00-0.00000000E+00-1.31315466E+00-0.00000000E+00
16  4-0.00000000E+00 2.36616714E-01-0.00000000E+00-0.00000000E+00-0.00000000E+00
16  5-0.00000000E+00-0.00000000E+00-0.00000000E+00-0.00000000E+00
17  1-0.00000000E+00-0.00000000E+00-0.00000000E+00-0.00000000E+00-0.00000000E+00
17  2-0.00000000E+00-0.00000000E+00-0.00000000E+00-2.08698621E+00-0.00000000E+00
17  3-0.00000000E+00 2.62876898E+00-0.00000000E+00-0.00000000E+00-1.31315466E+00
17  4-0.00000000E+00-0.00000000E+00 2.36616714E-01-0.00000000E+00-0.00000000E+00
17  5-0.00000000E+00-0.00000000E+00-0.00000000E+00-0.00000000E+00
18  1 8.80607494E+00-8.24421739E+00-3.72925316E+00 6.11163745E+00-4.41762700E+00
18  2 2.00210677E+00 0.00000000E+00 0.00000000E+00 0.00000000E+00 0.00000000E+00
18  3 0.00000000E+00 0.00000000E+00 0.00000000E+00 0.00000000E+00 0.00000000E+00
18  4 0.00000000E+00 0.00000000E+00 0.00000000E+00 0.00000000E+00 0.00000000E+00
18  5 0.00000000E+00 0.00000000E+00 0.00000000E+00 0.00000000E+00
19  1 2.51755586E+01-1.75425100E+01-1.18491240E+01 6.97028615E+00-2.97661629E+00
19  2 1.20354582E+00-0.00000000E+00-0.00000000E+00-0.00000000E+00-0.00000000E+00
19  3-0.00000000E+00-0.00000000E+00-0.00000000E+00-0.00000000E+00-0.00000000E+00
19  4-0.00000000E+00-0.00000000E+00-0.00000000E+00-0.00000000E+00-0.00000000E+00
19  5-0.00000000E+00-0.00000000E+00-0.00000000E+00-0.00000000E+00
20  1 0.00000000E+00 0.00000000E+00 0.00000000E+00 0.00000000E+00 0.00000000E+00
20  2 0.00000000E+00 0.00000000E+00 1.73384905E+00 0.00000000E+00 0.00000000E+00
20  3-1.39668268E+00 0.00000000E+00 0.00000000E+00 6.46154738E-01 0.00000000E+00
20  4 0.00000000E+00-1.57832961E+00 0.00000000E+00 0.00000000E+00 0.00000000E+00
20  5 0.00000000E+00 0.00000000E+00 0.00000000E+00 0.00000000E+00
21  1 0.00000000E+00 0.00000000E+00 0.00000000E+00 0.00000000E+00 0.00000000E+00
21  2 0.00000000E+00 1.73384905E+00 0.00000000E+00 0.00000000E+00-1.39668268E+00
21  3 0.00000000E+00 0.00000000E+00 6.46154738E-01 0.00000000E+00 0.00000000E+00
21  4-1.57832961E+00 0.00000000E+00 0.00000000E+00 0.00000000E+00 0.00000000E+00
21  5 0.00000000E+00 0.00000000E+00 0.00000000E+00 0.00000000E+00
22  1 0.00000000E+00 0.00000000E+00 0.00000000E+00 0.00000000E+00 0.00000000E+00
22  2 0.00000000E+00 0.00000000E+00 0.00000000E+00 1.73384905E+00 0.00000000E+00
22  3 0.00000000E+00-1.39668268E+00 0.00000000E+00 0.00000000E+00 6.46154738E-01
22  4 0.00000000E+00 0.00000000E+00-1.57832961E+00 0.00000000E+00 0.00000000E+00
22  5 0.00000000E+00 0.00000000E+00 0.00000000E+00 0.00000000E+00
23  1 3.77175971E+01-1.85673407E+01-2.35054331E+01 5.79997285E+00-2.16816746E+00
23  2 8.60172301E-01 0.00000000E+00 0.00000000E+00 0.00000000E+00 0.00000000E+00
23  3 0.00000000E+00 0.00000000E+00 0.00000000E+00 0.00000000E+00 0.00000000E+00
23  4 0.00000000E+00 0.00000000E+00 0.00000000E+00 0.00000000E+00 0.00000000E+00
23  5 0.00000000E+00 0.00000000E+00 0.00000000E+00 0.00000000E+00
 $END   
 POPULATION ANALYSIS
C            6.00000  -0.00000   6.00000  -0.00000
 MOMENTS AT POINT    1 X,Y,Z=  0.000000  0.000000  0.000000
 DIPOLE       0.000000  0.000000  0.000000
