 $DATA  
Sc ROHF with D4H symmetry and Bunge basis                                       
DNH      2

SC         21.0      0.0000000000      0.0000000000      0.0000000000
   1S     10
   2S     10
   2S     10
   3S     10
   3S     10
   3S     10
   3S     10
   4S     10
   4S     10
   4S     10
   4S     10
   2P     10
   2P     10
   2P     10
   2P     10
   3P     10
   3P     10
   3P     10
   3D     10
   3D     10
   3D     10
   3D     10
   3D     10
        
 $END      
GUGA-CI NO-S FOR STATE   1 GENERATED Thu Mar 16 11:04:48 2017
 $OCC   
    2.0000000000    2.0000000000    2.0000000000    2.0000000000    2.0000000000
    2.0000000000    2.0000000000    2.0000000000    1.9809723752    1.9135128944
    0.9855867404    0.0199680440    0.0195512596    0.0195512549    0.0162628885
    0.0115665259    0.0115664996    0.0055266763    0.0043594206    0.0032142163
    0.0024611973    0.0024437351    0.0024437347    0.0002863592    0.0001888326
    0.0001767054    0.0001578532    0.0001578530    0.0000449339
 $END   
 $VEC   
 1  1 9.29226267E-01 7.69470268E-02 1.47601688E-03 1.01682242E-02 1.26054692E-04
 1  2-2.10622089E-04 4.78198817E-05-1.42403420E-04-7.75285517E-06 5.41582768E-06
 1  3-2.11461507E-06 0.00000000E+00 0.00000000E+00 0.00000000E+00 0.00000000E+00
 1  4 0.00000000E+00 0.00000000E+00 0.00000000E+00 0.00000000E+00 0.00000000E+00
 1  5 0.00000000E+00 0.00000000E+00 0.00000000E+00 0.00000000E+00 0.00000000E+00
 1  6 0.00000000E+00 0.00000000E+00 0.00000000E+00 0.00000000E+00 0.00000000E+00
 1  7 0.00000000E+00 0.00000000E+00 0.00000000E+00 0.00000000E+00 0.00000000E+00
 1  8 0.00000000E+00 0.00000000E+00 0.00000000E+00 0.00000000E+00 0.00000000E+00
 1  9 0.00000000E+00 0.00000000E+00 0.00000000E+00 0.00000000E+00 0.00000000E+00
 1 10 0.00000000E+00 0.00000000E+00 0.00000000E+00 0.00000000E+00 0.00000000E+00
 1 11 0.00000000E+00 0.00000000E+00 0.00000000E+00 0.00000000E+00 0.00000000E+00
 1 12 0.00000000E+00 0.00000000E+00 0.00000000E+00 0.00000000E+00 0.00000000E+00
 1 13 0.00000000E+00 0.00000000E+00
 2  1-2.70646407E-01-1.63569993E-01 1.03182825E+00 2.04083034E-03 1.33337296E-01
 2  2-3.71076446E-02 1.31511076E-02 1.16231761E-02-1.61334539E-03 1.18231263E-03
 2  3-4.58187945E-04 0.00000000E+00 0.00000000E+00 0.00000000E+00 0.00000000E+00
 2  4 0.00000000E+00 0.00000000E+00 0.00000000E+00 0.00000000E+00 0.00000000E+00
 2  5 0.00000000E+00 0.00000000E+00 0.00000000E+00 0.00000000E+00 0.00000000E+00
 2  6 0.00000000E+00 0.00000000E+00 0.00000000E+00 0.00000000E+00 0.00000000E+00
 2  7 0.00000000E+00 0.00000000E+00 0.00000000E+00 0.00000000E+00 0.00000000E+00
 2  8 0.00000000E+00 0.00000000E+00 0.00000000E+00 0.00000000E+00 0.00000000E+00
 2  9 0.00000000E+00 0.00000000E+00 0.00000000E+00 0.00000000E+00 0.00000000E+00
 2 10 0.00000000E+00 0.00000000E+00 0.00000000E+00 0.00000000E+00 0.00000000E+00
 2 11 0.00000000E+00 0.00000000E+00 0.00000000E+00 0.00000000E+00 0.00000000E+00
 2 12 0.00000000E+00 0.00000000E+00 0.00000000E+00 0.00000000E+00 0.00000000E+00
 2 13 0.00000000E+00 0.00000000E+00
 3  1 0.00000000E+00 0.00000000E+00 0.00000000E+00 0.00000000E+00 0.00000000E+00
 3  2 0.00000000E+00 0.00000000E+00 0.00000000E+00 0.00000000E+00 0.00000000E+00
 3  3 0.00000000E+00 1.16583301E-03 0.00000000E+00 0.00000000E+00 3.41578660E-01
 3  4 0.00000000E+00 0.00000000E+00 4.15673957E-01 0.00000000E+00 0.00000000E+00
 3  5 2.81806289E-03 0.00000000E+00 0.00000000E+00 2.96869706E-01 0.00000000E+00
 3  6 0.00000000E+00-1.04705079E-03 0.00000000E+00 0.00000000E+00 8.67916542E-05
 3  7 0.00000000E+00 0.00000000E+00 0.00000000E+00 0.00000000E+00 0.00000000E+00
 3  8 0.00000000E+00 0.00000000E+00 0.00000000E+00 0.00000000E+00 0.00000000E+00
 3  9 0.00000000E+00 0.00000000E+00 0.00000000E+00 0.00000000E+00 0.00000000E+00
 3 10 0.00000000E+00 0.00000000E+00 0.00000000E+00 0.00000000E+00 0.00000000E+00
 3 11 0.00000000E+00 0.00000000E+00 0.00000000E+00 0.00000000E+00 0.00000000E+00
 3 12 0.00000000E+00 0.00000000E+00 0.00000000E+00 0.00000000E+00 0.00000000E+00
 3 13 0.00000000E+00 0.00000000E+00
 4  1 0.00000000E+00 0.00000000E+00 0.00000000E+00 0.00000000E+00 0.00000000E+00
 4  2 0.00000000E+00 0.00000000E+00 0.00000000E+00 0.00000000E+00 0.00000000E+00
 4  3 0.00000000E+00 0.00000000E+00 1.16583301E-03 0.00000000E+00 0.00000000E+00
 4  4 3.41578660E-01 0.00000000E+00 0.00000000E+00 4.15673957E-01 0.00000000E+00
 4  5 0.00000000E+00 2.81806289E-03 0.00000000E+00 0.00000000E+00 2.96869706E-01
 4  6 0.00000000E+00 0.00000000E+00-1.04705079E-03 0.00000000E+00 0.00000000E+00
 4  7 8.67916542E-05 0.00000000E+00 0.00000000E+00 0.00000000E+00 0.00000000E+00
 4  8 0.00000000E+00 0.00000000E+00 0.00000000E+00 0.00000000E+00 0.00000000E+00
 4  9 0.00000000E+00 0.00000000E+00 0.00000000E+00 0.00000000E+00 0.00000000E+00
 4 10 0.00000000E+00 0.00000000E+00 0.00000000E+00 0.00000000E+00 0.00000000E+00
 4 11 0.00000000E+00 0.00000000E+00 0.00000000E+00 0.00000000E+00 0.00000000E+00
 4 12 0.00000000E+00 0.00000000E+00 0.00000000E+00 0.00000000E+00 0.00000000E+00
 4 13 0.00000000E+00 0.00000000E+00
 5  1 0.00000000E+00 0.00000000E+00 0.00000000E+00 0.00000000E+00 0.00000000E+00
 5  2 0.00000000E+00 0.00000000E+00 0.00000000E+00 0.00000000E+00 0.00000000E+00
 5  3 0.00000000E+00 0.00000000E+00 0.00000000E+00 1.16583301E-03 0.00000000E+00
 5  4 0.00000000E+00 3.41578660E-01 0.00000000E+00 0.00000000E+00 4.15673957E-01
 5  5 0.00000000E+00 0.00000000E+00 2.81806289E-03 0.00000000E+00 0.00000000E+00
 5  6 2.96869706E-01 0.00000000E+00 0.00000000E+00-1.04705079E-03 0.00000000E+00
 5  7 0.00000000E+00 8.67916542E-05 0.00000000E+00 0.00000000E+00 0.00000000E+00
 5  8 0.00000000E+00 0.00000000E+00 0.00000000E+00 0.00000000E+00 0.00000000E+00
 5  9 0.00000000E+00 0.00000000E+00 0.00000000E+00 0.00000000E+00 0.00000000E+00
 5 10 0.00000000E+00 0.00000000E+00 0.00000000E+00 0.00000000E+00 0.00000000E+00
 5 11 0.00000000E+00 0.00000000E+00 0.00000000E+00 0.00000000E+00 0.00000000E+00
 5 12 0.00000000E+00 0.00000000E+00 0.00000000E+00 0.00000000E+00 0.00000000E+00
 5 13 0.00000000E+00 0.00000000E+00
 6  1 9.42583818E-02 6.40201136E-02-4.39180081E-01-2.62066420E-03-1.88655172E-01
 6  2 6.29864141E-01 6.14084810E-01-1.27984220E-02 4.51598164E-03-2.57585506E-03
 6  3 6.03675284E-04 0.00000000E+00 0.00000000E+00 0.00000000E+00 0.00000000E+00
 6  4 0.00000000E+00 0.00000000E+00 0.00000000E+00 0.00000000E+00 0.00000000E+00
 6  5 0.00000000E+00 0.00000000E+00 0.00000000E+00 0.00000000E+00 0.00000000E+00
 6  6 0.00000000E+00 0.00000000E+00 0.00000000E+00 0.00000000E+00 0.00000000E+00
 6  7 0.00000000E+00 0.00000000E+00 0.00000000E+00 0.00000000E+00 0.00000000E+00
 6  8 0.00000000E+00 0.00000000E+00 0.00000000E+00 0.00000000E+00 0.00000000E+00
 6  9 0.00000000E+00 0.00000000E+00 0.00000000E+00 0.00000000E+00 0.00000000E+00
 6 10 0.00000000E+00 0.00000000E+00 0.00000000E+00 0.00000000E+00 0.00000000E+00
 6 11 0.00000000E+00 0.00000000E+00 0.00000000E+00 0.00000000E+00 0.00000000E+00
 6 12 0.00000000E+00 0.00000000E+00 0.00000000E+00 0.00000000E+00 0.00000000E+00
 6 13 0.00000000E+00 0.00000000E+00
 7  1 0.00000000E+00 0.00000000E+00 0.00000000E+00 0.00000000E+00 0.00000000E+00
 7  2 0.00000000E+00 0.00000000E+00 0.00000000E+00 0.00000000E+00 0.00000000E+00
 7  3 0.00000000E+00 0.00000000E+00-2.54533687E-04 0.00000000E+00 0.00000000E+00
 7  4-7.37592369E-02 0.00000000E+00 0.00000000E+00-4.67082435E-01 0.00000000E+00
 7  5 0.00000000E+00 9.03412696E-01 0.00000000E+00 0.00000000E+00-1.01502765E-02
 7  6 0.00000000E+00 0.00000000E+00 3.01488459E-01 0.00000000E+00 0.00000000E+00
 7  7 1.88487485E-02 0.00000000E+00 0.00000000E+00 0.00000000E+00 0.00000000E+00
 7  8 0.00000000E+00 0.00000000E+00 0.00000000E+00 0.00000000E+00 0.00000000E+00
 7  9 0.00000000E+00 0.00000000E+00 0.00000000E+00 0.00000000E+00 0.00000000E+00
 7 10 0.00000000E+00 0.00000000E+00 0.00000000E+00 0.00000000E+00 0.00000000E+00
 7 11 0.00000000E+00 0.00000000E+00 0.00000000E+00 0.00000000E+00 0.00000000E+00
 7 12 0.00000000E+00 0.00000000E+00 0.00000000E+00 0.00000000E+00 0.00000000E+00
 7 13 0.00000000E+00 0.00000000E+00
 8  1 0.00000000E+00 0.00000000E+00 0.00000000E+00 0.00000000E+00 0.00000000E+00
 8  2 0.00000000E+00 0.00000000E+00 0.00000000E+00 0.00000000E+00 0.00000000E+00
 8  3 0.00000000E+00-2.54533687E-04 0.00000000E+00 0.00000000E+00-7.37592369E-02
 8  4 0.00000000E+00 0.00000000E+00-4.67082435E-01 0.00000000E+00 0.00000000E+00
 8  5 9.03412696E-01 0.00000000E+00 0.00000000E+00-1.01502765E-02 0.00000000E+00
 8  6 0.00000000E+00 3.01488459E-01 0.00000000E+00 0.00000000E+00 1.88487485E-02
 8  7 0.00000000E+00 0.00000000E+00 0.00000000E+00 0.00000000E+00 0.00000000E+00
 8  8 0.00000000E+00 0.00000000E+00 0.00000000E+00 0.00000000E+00 0.00000000E+00
 8  9 0.00000000E+00 0.00000000E+00 0.00000000E+00 0.00000000E+00 0.00000000E+00
 8 10 0.00000000E+00 0.00000000E+00 0.00000000E+00 0.00000000E+00 0.00000000E+00
 8 11 0.00000000E+00 0.00000000E+00 0.00000000E+00 0.00000000E+00 0.00000000E+00
 8 12 0.00000000E+00 0.00000000E+00 0.00000000E+00 0.00000000E+00 0.00000000E+00
 8 13 0.00000000E+00 0.00000000E+00
 9  1 0.00000000E+00 0.00000000E+00 0.00000000E+00 0.00000000E+00 0.00000000E+00
 9  2 0.00000000E+00 0.00000000E+00 0.00000000E+00 0.00000000E+00 0.00000000E+00
 9  3 0.00000000E+00 0.00000000E+00 0.00000000E+00-2.41554829E-04 0.00000000E+00
 9  4 0.00000000E+00-7.32104911E-02 0.00000000E+00 0.00000000E+00-4.69468419E-01
 9  5 0.00000000E+00 0.00000000E+00 9.05347414E-01 0.00000000E+00 0.00000000E+00
 9  6-8.53338234E-03 0.00000000E+00 0.00000000E+00 2.94839849E-01 0.00000000E+00
 9  7 0.00000000E+00 2.64091422E-02 0.00000000E+00 0.00000000E+00 0.00000000E+00
 9  8 0.00000000E+00 0.00000000E+00 0.00000000E+00 0.00000000E+00 0.00000000E+00
 9  9 0.00000000E+00 0.00000000E+00 0.00000000E+00 0.00000000E+00 0.00000000E+00
 9 10 0.00000000E+00 0.00000000E+00 0.00000000E+00 0.00000000E+00 0.00000000E+00
 9 11 0.00000000E+00 0.00000000E+00 0.00000000E+00 0.00000000E+00 0.00000000E+00
 9 12 0.00000000E+00 0.00000000E+00 0.00000000E+00 0.00000000E+00 0.00000000E+00
 9 13 0.00000000E+00 0.00000000E+00
10  1-1.88035166E-02-1.04804205E-02 1.51019215E-01-2.17188813E-03 2.35471738E-01
10  2-2.48324581E-01 7.02011425E-01-2.48790131E-03 3.06729020E-01 2.14343545E-01
10  3 1.34601126E-01 0.00000000E+00 0.00000000E+00 0.00000000E+00 0.00000000E+00
10  4 0.00000000E+00 0.00000000E+00 0.00000000E+00 0.00000000E+00 0.00000000E+00
10  5 0.00000000E+00 0.00000000E+00 0.00000000E+00 0.00000000E+00 0.00000000E+00
10  6 0.00000000E+00 0.00000000E+00 0.00000000E+00 0.00000000E+00 0.00000000E+00
10  7 0.00000000E+00 0.00000000E+00-9.89089186E-05-9.89089497E-05 1.97817868E-04
10  8 0.00000000E+00 0.00000000E+00 0.00000000E+00-1.83963097E-03-1.83962816E-03
10  9 3.67925913E-03 0.00000000E+00 0.00000000E+00 0.00000000E+00-2.17454498E-03
10 10-2.17454672E-03 4.34909171E-03 0.00000000E+00 0.00000000E+00 0.00000000E+00
10 11-3.63765379E-03-3.63763939E-03 7.27529317E-03 0.00000000E+00 0.00000000E+00
10 12 0.00000000E+00-1.56541209E-02-1.56541286E-02 3.13082495E-02 0.00000000E+00
10 13 0.00000000E+00 0.00000000E+00
11  1-1.18217091E-09-3.91158897E-10-9.43065418E-09-1.05956659E-09 3.70823475E-08
11  2-8.13524646E-08 3.94275373E-08-2.65632599E-09-3.69724739E-08 6.67187562E-08
11  3-6.11333268E-08 0.00000000E+00 0.00000000E+00 0.00000000E+00 0.00000000E+00
11  4 0.00000000E+00 0.00000000E+00 0.00000000E+00 0.00000000E+00 0.00000000E+00
11  5 0.00000000E+00 0.00000000E+00 0.00000000E+00 0.00000000E+00 0.00000000E+00
11  6 0.00000000E+00 0.00000000E+00 0.00000000E+00 0.00000000E+00 0.00000000E+00
11  7 0.00000000E+00 0.00000000E+00 1.31501136E-02-1.31501143E-02 6.58351691E-10
11  8 0.00000000E+00 0.00000000E+00 0.00000000E+00 1.26710500E-01-1.26710492E-01
11  9-7.54593787E-09 0.00000000E+00 0.00000000E+00 0.00000000E+00 3.13386529E-01
11 10-3.13386550E-01 2.01311230E-08 0.00000000E+00 0.00000000E+00 0.00000000E+00
11 11 3.40312703E-01-3.40312653E-01-4.98429300E-08 0.00000000E+00 0.00000000E+00
11 12 0.00000000E+00 2.27344401E-01-2.27344439E-01 3.74596806E-08 0.00000000E+00
11 13 0.00000000E+00 0.00000000E+00
12  1 0.00000000E+00 0.00000000E+00 0.00000000E+00 0.00000000E+00 0.00000000E+00
12  2 0.00000000E+00 0.00000000E+00 0.00000000E+00 0.00000000E+00 0.00000000E+00
12  3 0.00000000E+00 0.00000000E+00 0.00000000E+00 3.17567459E-03 0.00000000E+00
12  4 0.00000000E+00 1.34396196E-01 0.00000000E+00 0.00000000E+00-5.82753681E-01
12  5 0.00000000E+00 0.00000000E+00 4.71464000E-01 0.00000000E+00 0.00000000E+00
12  6 3.95578540E-01 0.00000000E+00 0.00000000E+00-1.62713553E+00 0.00000000E+00
12  7 0.00000000E+00 1.84954004E+00 0.00000000E+00 0.00000000E+00 0.00000000E+00
12  8 0.00000000E+00 0.00000000E+00 0.00000000E+00 0.00000000E+00 0.00000000E+00
12  9 0.00000000E+00 0.00000000E+00 0.00000000E+00 0.00000000E+00 0.00000000E+00
12 10 0.00000000E+00 0.00000000E+00 0.00000000E+00 0.00000000E+00 0.00000000E+00
12 11 0.00000000E+00 0.00000000E+00 0.00000000E+00 0.00000000E+00 0.00000000E+00
12 12 0.00000000E+00 0.00000000E+00 0.00000000E+00 0.00000000E+00 0.00000000E+00
12 13 0.00000000E+00 0.00000000E+00
13  1 0.00000000E+00 0.00000000E+00 0.00000000E+00 0.00000000E+00 0.00000000E+00
13  2 0.00000000E+00 0.00000000E+00 0.00000000E+00 0.00000000E+00 0.00000000E+00
13  3 0.00000000E+00 3.17466068E-03 0.00000000E+00 0.00000000E+00 1.34095819E-01
13  4 0.00000000E+00 0.00000000E+00-5.84667810E-01 0.00000000E+00 0.00000000E+00
13  5 4.75160756E-01 0.00000000E+00 0.00000000E+00 3.95540355E-01 0.00000000E+00
13  6 0.00000000E+00-1.62591675E+00 0.00000000E+00 0.00000000E+00 1.84963253E+00
13  7 0.00000000E+00 0.00000000E+00 0.00000000E+00 0.00000000E+00 0.00000000E+00
13  8 0.00000000E+00 0.00000000E+00 0.00000000E+00 0.00000000E+00 0.00000000E+00
13  9 0.00000000E+00 0.00000000E+00 0.00000000E+00 0.00000000E+00 0.00000000E+00
13 10 0.00000000E+00 0.00000000E+00 0.00000000E+00 0.00000000E+00 0.00000000E+00
13 11 0.00000000E+00 0.00000000E+00 0.00000000E+00 0.00000000E+00 0.00000000E+00
13 12 0.00000000E+00 0.00000000E+00 0.00000000E+00 0.00000000E+00 0.00000000E+00
13 13 0.00000000E+00 0.00000000E+00
14  1 0.00000000E+00 0.00000000E+00 0.00000000E+00 0.00000000E+00 0.00000000E+00
14  2 0.00000000E+00 0.00000000E+00 0.00000000E+00 0.00000000E+00 0.00000000E+00
14  3 0.00000000E+00 0.00000000E+00 3.17466068E-03 0.00000000E+00 0.00000000E+00
14  4 1.34095819E-01 0.00000000E+00 0.00000000E+00-5.84667810E-01 0.00000000E+00
14  5 0.00000000E+00 4.75160756E-01 0.00000000E+00 0.00000000E+00 3.95540355E-01
14  6 0.00000000E+00 0.00000000E+00-1.62591675E+00 0.00000000E+00 0.00000000E+00
14  7 1.84963253E+00 0.00000000E+00 0.00000000E+00 0.00000000E+00 0.00000000E+00
14  8 0.00000000E+00 0.00000000E+00 0.00000000E+00 0.00000000E+00 0.00000000E+00
14  9 0.00000000E+00 0.00000000E+00 0.00000000E+00 0.00000000E+00 0.00000000E+00
14 10 0.00000000E+00 0.00000000E+00 0.00000000E+00 0.00000000E+00 0.00000000E+00
14 11 0.00000000E+00 0.00000000E+00 0.00000000E+00 0.00000000E+00 0.00000000E+00
14 12 0.00000000E+00 0.00000000E+00 0.00000000E+00 0.00000000E+00 0.00000000E+00
14 13 0.00000000E+00 0.00000000E+00
15  1 2.61788956E-03 1.96679644E-03-2.38807674E-02-6.11236513E-04 8.82625175E-03
15  2-2.15646760E-02 2.23921992E-02-1.98901191E-03-3.33216426E-02-5.27362976E-03
15  3 3.00360522E-02 0.00000000E+00 0.00000000E+00 0.00000000E+00 0.00000000E+00
15  4 0.00000000E+00 0.00000000E+00 0.00000000E+00 0.00000000E+00 0.00000000E+00
15  5 0.00000000E+00 0.00000000E+00 0.00000000E+00 0.00000000E+00 0.00000000E+00
15  6 0.00000000E+00 0.00000000E+00 0.00000000E+00 0.00000000E+00 0.00000000E+00
15  7 0.00000000E+00 0.00000000E+00-1.06257385E-02-1.06257364E-02 2.12514749E-02
15  8 0.00000000E+00 0.00000000E+00 0.00000000E+00-5.08617641E-02-5.08617592E-02
15  9 1.01723523E-01 0.00000000E+00 0.00000000E+00 0.00000000E+00-2.69454712E-01
15 10-2.69454660E-01 5.38909372E-01 0.00000000E+00 0.00000000E+00 0.00000000E+00
15 11-3.47548717E-02-3.47548558E-02 6.95097275E-02 0.00000000E+00 0.00000000E+00
15 12 0.00000000E+00-2.41948741E-01-2.41948845E-01 4.83897585E-01 0.00000000E+00
15 13 0.00000000E+00 0.00000000E+00
16  1-0.00000000E+00-0.00000000E+00-0.00000000E+00-0.00000000E+00-0.00000000E+00
16  2-0.00000000E+00-0.00000000E+00-0.00000000E+00-0.00000000E+00-0.00000000E+00
16  3-0.00000000E+00-0.00000000E+00-0.00000000E+00-0.00000000E+00-0.00000000E+00
16  4-0.00000000E+00-0.00000000E+00-0.00000000E+00-0.00000000E+00-0.00000000E+00
16  5-0.00000000E+00-0.00000000E+00-0.00000000E+00-0.00000000E+00-0.00000000E+00
16  6-0.00000000E+00-0.00000000E+00-0.00000000E+00-0.00000000E+00-0.00000000E+00
16  7-0.00000000E+00-0.00000000E+00-0.00000000E+00-0.00000000E+00-0.00000000E+00
16  8-0.00000000E+00-0.00000000E+00 1.84157801E-02-0.00000000E+00-0.00000000E+00
16  9-0.00000000E+00-0.00000000E+00-0.00000000E+00 8.83858887E-02-0.00000000E+00
16 10-0.00000000E+00-0.00000000E+00-0.00000000E+00-0.00000000E+00 4.62986008E-01
16 11-0.00000000E+00-0.00000000E+00-0.00000000E+00-0.00000000E+00-0.00000000E+00
16 12 4.56904293E-02-0.00000000E+00-0.00000000E+00-0.00000000E+00-0.00000000E+00
16 13-0.00000000E+00 6.05861775E-01
17  1-0.00000000E+00-0.00000000E+00-0.00000000E+00-0.00000000E+00-0.00000000E+00
17  2-0.00000000E+00-0.00000000E+00-0.00000000E+00-0.00000000E+00-0.00000000E+00
17  3-0.00000000E+00-0.00000000E+00-0.00000000E+00-0.00000000E+00-0.00000000E+00
17  4-0.00000000E+00-0.00000000E+00-0.00000000E+00-0.00000000E+00-0.00000000E+00
17  5-0.00000000E+00-0.00000000E+00-0.00000000E+00-0.00000000E+00-0.00000000E+00
17  6-0.00000000E+00-0.00000000E+00-0.00000000E+00-0.00000000E+00-0.00000000E+00
17  7-0.00000000E+00-0.00000000E+00-0.00000000E+00-0.00000000E+00-0.00000000E+00
17  8-0.00000000E+00 1.84157949E-02-0.00000000E+00-0.00000000E+00-0.00000000E+00
17  9-0.00000000E+00-0.00000000E+00 8.83858434E-02-0.00000000E+00-0.00000000E+00
17 10-0.00000000E+00-0.00000000E+00-0.00000000E+00 4.62986415E-01-0.00000000E+00
17 11-0.00000000E+00-0.00000000E+00-0.00000000E+00-0.00000000E+00 4.56900293E-02
17 12-0.00000000E+00-0.00000000E+00-0.00000000E+00-0.00000000E+00-0.00000000E+00
17 13 6.05861847E-01-0.00000000E+00
18  1 2.58868574E-02 2.33079023E-02-3.19873842E-01-1.45603789E-02 4.04781228E-01
18  2-7.68656522E-01 8.92295041E-01-4.19375997E-02-4.76102823E-01 2.78061981E-01
18  3 3.28403914E-01-0.00000000E+00-0.00000000E+00-0.00000000E+00-0.00000000E+00
18  4-0.00000000E+00-0.00000000E+00-0.00000000E+00-0.00000000E+00-0.00000000E+00
18  5-0.00000000E+00-0.00000000E+00-0.00000000E+00-0.00000000E+00-0.00000000E+00
18  6-0.00000000E+00-0.00000000E+00-0.00000000E+00-0.00000000E+00-0.00000000E+00
18  7-0.00000000E+00-0.00000000E+00 2.09172794E-03 2.09172122E-03-4.18344916E-03
18  8-0.00000000E+00-0.00000000E+00-0.00000000E+00 4.89511221E-03 4.89527018E-03
18  9-9.79038239E-03-0.00000000E+00-0.00000000E+00-0.00000000E+00 5.41993058E-02
18 10 5.41990698E-02-1.08398376E-01-0.00000000E+00-0.00000000E+00-0.00000000E+00
18 11-2.60225847E-03-2.60121305E-03 5.20347152E-03-0.00000000E+00-0.00000000E+00
18 12-0.00000000E+00-1.70966361E-02-1.70978891E-02 3.41945252E-02-0.00000000E+00
18 13-0.00000000E+00-0.00000000E+00
19  1 1.05683377E-08 7.58715604E-09-5.95435544E-08-9.49348069E-10 6.05126972E-09
19  2 2.43008345E-08 1.43208027E-07-3.86748752E-09-1.84885191E-08-1.19024469E-07
19  3 2.78220820E-07 0.00000000E+00 0.00000000E+00 0.00000000E+00 0.00000000E+00
19  4 0.00000000E+00 0.00000000E+00 0.00000000E+00 0.00000000E+00 0.00000000E+00
19  5 0.00000000E+00 0.00000000E+00 0.00000000E+00 0.00000000E+00 0.00000000E+00
19  6 0.00000000E+00 0.00000000E+00 0.00000000E+00 0.00000000E+00 0.00000000E+00
19  7 0.00000000E+00 0.00000000E+00 1.32545547E-02-1.32545503E-02-4.41192509E-09
19  8 0.00000000E+00 0.00000000E+00 0.00000000E+00 1.07549977E-01-1.07550002E-01
19  9 2.49887019E-08 0.00000000E+00 0.00000000E+00 0.00000000E+00 3.13182451E-01
19 10-3.13182325E-01-1.25844221E-07 0.00000000E+00 0.00000000E+00 0.00000000E+00
19 11 5.35001584E-01-5.35001767E-01 1.82884118E-07 0.00000000E+00 0.00000000E+00
19 12 0.00000000E+00-1.14707493E+00 1.14707499E+00-6.62185830E-08 0.00000000E+00
19 13 0.00000000E+00 0.00000000E+00
20  1-1.70168663E-03-1.62499853E-03 2.19439443E-02 1.13420750E-03-3.42253710E-02
20  2 6.16128518E-02-7.90817456E-02 3.21260924E-03 3.09679047E-02-2.36842268E-02
20  3-2.83478428E-02 0.00000000E+00 0.00000000E+00 0.00000000E+00 0.00000000E+00
20  4 0.00000000E+00 0.00000000E+00 0.00000000E+00 0.00000000E+00 0.00000000E+00
20  5 0.00000000E+00 0.00000000E+00 0.00000000E+00 0.00000000E+00 0.00000000E+00
20  6 0.00000000E+00 0.00000000E+00 0.00000000E+00 0.00000000E+00 0.00000000E+00
20  7 0.00000000E+00 0.00000000E+00 1.30846951E-02 1.30847032E-02-2.61693983E-02
20  8 0.00000000E+00 0.00000000E+00 0.00000000E+00 3.78924161E-02 3.78923776E-02
20  9-7.57847936E-02 0.00000000E+00 0.00000000E+00 0.00000000E+00 3.33998218E-01
20 10 3.33998447E-01-6.67996666E-01 0.00000000E+00 0.00000000E+00 0.00000000E+00
20 11 1.04667290E-01 1.04666972E-01-2.09334261E-01 0.00000000E+00 0.00000000E+00
20 12 0.00000000E+00-5.40939375E-01-5.40939182E-01 1.08187856E+00 0.00000000E+00
20 13 0.00000000E+00 0.00000000E+00
21  1-0.00000000E+00-0.00000000E+00-0.00000000E+00-0.00000000E+00-0.00000000E+00
21  2-0.00000000E+00-0.00000000E+00-0.00000000E+00-0.00000000E+00-0.00000000E+00
21  3-0.00000000E+00-0.00000000E+00-0.00000000E+00-0.00000000E+00-0.00000000E+00
21  4-0.00000000E+00-0.00000000E+00-0.00000000E+00-0.00000000E+00-0.00000000E+00
21  5-0.00000000E+00-0.00000000E+00-0.00000000E+00-0.00000000E+00-0.00000000E+00
21  6-0.00000000E+00-0.00000000E+00-0.00000000E+00-0.00000000E+00-0.00000000E+00
21  7-0.00000000E+00-0.00000000E+00-0.00000000E+00-0.00000000E+00-0.00000000E+00
21  8 1.79081555E-02-0.00000000E+00-0.00000000E+00-0.00000000E+00-0.00000000E+00
21  9-0.00000000E+00-4.67743086E-02-0.00000000E+00-0.00000000E+00-0.00000000E+00
21 10-0.00000000E+00-0.00000000E+00 4.99463381E-01-0.00000000E+00-0.00000000E+00
21 11-0.00000000E+00-0.00000000E+00-0.00000000E+00-7.13723455E-01-0.00000000E+00
21 12-0.00000000E+00-0.00000000E+00-0.00000000E+00-0.00000000E+00 1.34835917E+00
21 13-0.00000000E+00-0.00000000E+00
22  1-0.00000000E+00-0.00000000E+00-0.00000000E+00-0.00000000E+00-0.00000000E+00
22  2-0.00000000E+00-0.00000000E+00-0.00000000E+00-0.00000000E+00-0.00000000E+00
22  3-0.00000000E+00-0.00000000E+00-0.00000000E+00-0.00000000E+00-0.00000000E+00
22  4-0.00000000E+00-0.00000000E+00-0.00000000E+00-0.00000000E+00-0.00000000E+00
22  5-0.00000000E+00-0.00000000E+00-0.00000000E+00-0.00000000E+00-0.00000000E+00
22  6-0.00000000E+00-0.00000000E+00-0.00000000E+00-0.00000000E+00-0.00000000E+00
22  7-0.00000000E+00-0.00000000E+00-0.00000000E+00-0.00000000E+00-0.00000000E+00
22  8-0.00000000E+00-2.70697371E-02-0.00000000E+00-0.00000000E+00-0.00000000E+00
22  9-0.00000000E+00-0.00000000E+00-9.15067829E-02-0.00000000E+00-0.00000000E+00
22 10-0.00000000E+00-0.00000000E+00-0.00000000E+00-6.76787597E-01-0.00000000E+00
22 11-0.00000000E+00-0.00000000E+00-0.00000000E+00-0.00000000E+00-3.08511853E-01
22 12-0.00000000E+00-0.00000000E+00-0.00000000E+00-0.00000000E+00-0.00000000E+00
22 13 1.07034595E+00-0.00000000E+00
23  1-0.00000000E+00-0.00000000E+00-0.00000000E+00-0.00000000E+00-0.00000000E+00
23  2-0.00000000E+00-0.00000000E+00-0.00000000E+00-0.00000000E+00-0.00000000E+00
23  3-0.00000000E+00-0.00000000E+00-0.00000000E+00-0.00000000E+00-0.00000000E+00
23  4-0.00000000E+00-0.00000000E+00-0.00000000E+00-0.00000000E+00-0.00000000E+00
23  5-0.00000000E+00-0.00000000E+00-0.00000000E+00-0.00000000E+00-0.00000000E+00
23  6-0.00000000E+00-0.00000000E+00-0.00000000E+00-0.00000000E+00-0.00000000E+00
23  7-0.00000000E+00-0.00000000E+00-0.00000000E+00-0.00000000E+00-0.00000000E+00
23  8-0.00000000E+00-0.00000000E+00-2.70697371E-02-0.00000000E+00-0.00000000E+00
23  9-0.00000000E+00-0.00000000E+00-0.00000000E+00-9.15068125E-02-0.00000000E+00
23 10-0.00000000E+00-0.00000000E+00-0.00000000E+00-0.00000000E+00-6.76787589E-01
23 11-0.00000000E+00-0.00000000E+00-0.00000000E+00-0.00000000E+00-0.00000000E+00
23 12-3.08511980E-01-0.00000000E+00-0.00000000E+00-0.00000000E+00-0.00000000E+00
23 13-0.00000000E+00 1.07034592E+00
24  1 2.13256569E-03-1.12513008E-02 4.58307893E-01 3.29028387E-02-1.05406436E+00
24  2 2.24482944E+00-1.43893103E+00 8.70289265E-02 1.15996983E+00-1.56405655E+00
24  3 1.00829771E+00-0.00000000E+00-0.00000000E+00-0.00000000E+00-0.00000000E+00
24  4-0.00000000E+00-0.00000000E+00-0.00000000E+00-0.00000000E+00-0.00000000E+00
24  5-0.00000000E+00-0.00000000E+00-0.00000000E+00-0.00000000E+00-0.00000000E+00
24  6-0.00000000E+00-0.00000000E+00-0.00000000E+00-0.00000000E+00-0.00000000E+00
24  7-0.00000000E+00-0.00000000E+00 2.48071662E-02 2.48069283E-02-4.96140944E-02
24  8-0.00000000E+00-0.00000000E+00-0.00000000E+00-1.38918108E-01-1.38916858E-01
24  9 2.77834966E-01-0.00000000E+00-0.00000000E+00-0.00000000E+00 7.08405691E-01
24 10 7.08398924E-01-1.41680462E+00-0.00000000E+00-0.00000000E+00-0.00000000E+00
24 11-1.06256476E+00-1.06255497E+00 2.12511973E+00-0.00000000E+00-0.00000000E+00
24 12-0.00000000E+00 5.74285286E-01 5.74279964E-01-1.14856525E+00-0.00000000E+00
24 13-0.00000000E+00-0.00000000E+00
25  1-6.90162206E-09 1.87634190E-08-8.34372899E-07-6.08019935E-08 1.95418576E-06
25  2-4.17329211E-06 2.62793842E-06-1.60448603E-07-2.14916324E-06 2.93661241E-06
25  3-1.95147818E-06-0.00000000E+00-0.00000000E+00-0.00000000E+00-0.00000000E+00
25  4-0.00000000E+00-0.00000000E+00-0.00000000E+00-0.00000000E+00-0.00000000E+00
25  5-0.00000000E+00-0.00000000E+00-0.00000000E+00-0.00000000E+00-0.00000000E+00
25  6-0.00000000E+00-0.00000000E+00-0.00000000E+00-0.00000000E+00-0.00000000E+00
25  7-0.00000000E+00-0.00000000E+00 7.67656775E-02-7.67657224E-02 4.49708180E-08
25  8-0.00000000E+00-0.00000000E+00-0.00000000E+00-3.94000855E-01 3.94001112E-01
25  9-2.56875460E-07-0.00000000E+00-0.00000000E+00-0.00000000E+00 2.18000235E+00
25 10-2.18000363E+00 1.28621807E-06-0.00000000E+00-0.00000000E+00-0.00000000E+00
25 11-3.09375579E+00 3.09375776E+00-1.96333921E-06-0.00000000E+00-0.00000000E+00
25 12-0.00000000E+00 1.60421848E+00-1.60421959E+00 1.11328972E-06-0.00000000E+00
25 13-0.00000000E+00-0.00000000E+00
26  1-1.71498353E-03 7.91444825E-03-3.27271743E-01-2.35354528E-02 7.54076513E-01
26  2-1.60746998E+00 1.02533908E+00-6.22301004E-02-8.31099312E-01 1.12217667E+00
26  3-7.28713376E-01 0.00000000E+00 0.00000000E+00 0.00000000E+00 0.00000000E+00
26  4 0.00000000E+00 0.00000000E+00 0.00000000E+00 0.00000000E+00 0.00000000E+00
26  5 0.00000000E+00 0.00000000E+00 0.00000000E+00 0.00000000E+00 0.00000000E+00
26  6 0.00000000E+00 0.00000000E+00 0.00000000E+00 0.00000000E+00 0.00000000E+00
26  7 0.00000000E+00 0.00000000E+00 3.43021044E-02 3.43021752E-02-6.86042796E-02
26  8 0.00000000E+00 0.00000000E+00 0.00000000E+00-1.93919751E-01-1.93920120E-01
26  9 3.87839871E-01 0.00000000E+00 0.00000000E+00 0.00000000E+00 9.80117505E-01
26 10 9.80119518E-01-1.96023702E+00 0.00000000E+00 0.00000000E+00 0.00000000E+00
26 11-1.47757774E+00-1.47758064E+00 2.95515838E+00 0.00000000E+00 0.00000000E+00
26 12 0.00000000E+00 7.95089965E-01 7.95091529E-01-1.59018149E+00 0.00000000E+00
26 13 0.00000000E+00 0.00000000E+00
27  1-0.00000000E+00-0.00000000E+00-0.00000000E+00-0.00000000E+00-0.00000000E+00
27  2-0.00000000E+00-0.00000000E+00-0.00000000E+00-0.00000000E+00-0.00000000E+00
27  3-0.00000000E+00-0.00000000E+00-0.00000000E+00-0.00000000E+00-0.00000000E+00
27  4-0.00000000E+00-0.00000000E+00-0.00000000E+00-0.00000000E+00-0.00000000E+00
27  5-0.00000000E+00-0.00000000E+00-0.00000000E+00-0.00000000E+00-0.00000000E+00
27  6-0.00000000E+00-0.00000000E+00-0.00000000E+00-0.00000000E+00-0.00000000E+00
27  7-0.00000000E+00-0.00000000E+00-0.00000000E+00-0.00000000E+00-0.00000000E+00
27  8-0.00000000E+00-0.00000000E+00-8.63086990E-02-0.00000000E+00-0.00000000E+00
27  9-0.00000000E+00-0.00000000E+00-0.00000000E+00 4.84315847E-01-0.00000000E+00
27 10-0.00000000E+00-0.00000000E+00-0.00000000E+00-0.00000000E+00-2.45329253E+00
27 11-0.00000000E+00-0.00000000E+00-0.00000000E+00-0.00000000E+00-0.00000000E+00
27 12 3.64175087E+00-0.00000000E+00-0.00000000E+00-0.00000000E+00-0.00000000E+00
27 13-0.00000000E+00-1.93644099E+00
28  1-0.00000000E+00-0.00000000E+00-0.00000000E+00-0.00000000E+00-0.00000000E+00
28  2-0.00000000E+00-0.00000000E+00-0.00000000E+00-0.00000000E+00-0.00000000E+00
28  3-0.00000000E+00-0.00000000E+00-0.00000000E+00-0.00000000E+00-0.00000000E+00
28  4-0.00000000E+00-0.00000000E+00-0.00000000E+00-0.00000000E+00-0.00000000E+00
28  5-0.00000000E+00-0.00000000E+00-0.00000000E+00-0.00000000E+00-0.00000000E+00
28  6-0.00000000E+00-0.00000000E+00-0.00000000E+00-0.00000000E+00-0.00000000E+00
28  7-0.00000000E+00-0.00000000E+00-0.00000000E+00-0.00000000E+00-0.00000000E+00
28  8-0.00000000E+00-8.63086958E-02-0.00000000E+00-0.00000000E+00-0.00000000E+00
28  9-0.00000000E+00-0.00000000E+00 4.84315861E-01-0.00000000E+00-0.00000000E+00
28 10-0.00000000E+00-0.00000000E+00-0.00000000E+00-2.45329245E+00-0.00000000E+00
28 11-0.00000000E+00-0.00000000E+00-0.00000000E+00-0.00000000E+00 3.64175089E+00
28 12-0.00000000E+00-0.00000000E+00-0.00000000E+00-0.00000000E+00-0.00000000E+00
28 13-1.93644096E+00-0.00000000E+00
29  1-0.00000000E+00-0.00000000E+00-0.00000000E+00-0.00000000E+00-0.00000000E+00
29  2-0.00000000E+00-0.00000000E+00-0.00000000E+00-0.00000000E+00-0.00000000E+00
29  3-0.00000000E+00-0.00000000E+00-0.00000000E+00-0.00000000E+00-0.00000000E+00
29  4-0.00000000E+00-0.00000000E+00-0.00000000E+00-0.00000000E+00-0.00000000E+00
29  5-0.00000000E+00-0.00000000E+00-0.00000000E+00-0.00000000E+00-0.00000000E+00
29  6-0.00000000E+00-0.00000000E+00-0.00000000E+00-0.00000000E+00-0.00000000E+00
29  7-0.00000000E+00-0.00000000E+00-0.00000000E+00-0.00000000E+00-0.00000000E+00
29  8-4.60747065E-03-0.00000000E+00-0.00000000E+00-0.00000000E+00-0.00000000E+00
29  9-0.00000000E+00 3.08247763E-01-0.00000000E+00-0.00000000E+00-0.00000000E+00
29 10-0.00000000E+00-0.00000000E+00-2.32331610E-01-0.00000000E+00-0.00000000E+00
29 11-0.00000000E+00-0.00000000E+00-0.00000000E+00 1.72057112E+00-0.00000000E+00
29 12-0.00000000E+00-0.00000000E+00-0.00000000E+00-0.00000000E+00-1.30723204E+00
29 13-0.00000000E+00-0.00000000E+00
 $END   
 POPULATION ANALYSIS
SC          21.00000   0.00000  21.00000   0.00000
 MOMENTS AT POINT    1 X,Y,Z=  0.000000  0.000000  0.000000
 DIPOLE       0.000000  0.000000  0.000000
