 $DATA  
C with D2H symmetry and CVB1 basis                                              
DNH      2

C           6.0      0.0000000000      0.0000000000      0.0000000000
   1S     14
   1S     14
   1S     14
   2S     14
   2S     14
   2S     14
   2P     14
   2P     14
   2P     14
   2P     14
   3D     14
        
 $END      
GUGA-CI NO-S FOR STATE   1 GENERATED Thu Mar 16 09:17:31 2017
 $OCC   
    2.0000000000    1.9249158446    0.9902260126    0.9902260125    0.0471937297
    0.0101024825    0.0063838719    0.0063838707    0.0062772697    0.0062772697
    0.0045876693    0.0045876691    0.0026752846    0.0001630129
 $END   
 $VEC   
 1  1 1.52058277E-01 8.51419336E-01 2.07913919E-03 6.75588026E-03 1.73185243E-03
 1  2-1.67998193E-03 0.00000000E+00 0.00000000E+00 0.00000000E+00 0.00000000E+00
 1  3 0.00000000E+00 0.00000000E+00 0.00000000E+00 0.00000000E+00 0.00000000E+00
 1  4 0.00000000E+00 0.00000000E+00 0.00000000E+00 0.00000000E+00 0.00000000E+00
 1  5 0.00000000E+00 0.00000000E+00 0.00000000E+00 0.00000000E+00
 2  1 3.00569194E-02-2.68036777E-01-1.95038413E-02-3.45772211E-02 5.65865458E-01
 2  2 5.24310731E-01 0.00000000E+00 0.00000000E+00 0.00000000E+00 0.00000000E+00
 2  3 0.00000000E+00 0.00000000E+00 0.00000000E+00 0.00000000E+00 0.00000000E+00
 2  4 0.00000000E+00 0.00000000E+00 0.00000000E+00-3.35668146E-03-3.35668266E-03
 2  5 6.71336412E-03 0.00000000E+00 0.00000000E+00 0.00000000E+00
 3  1-0.00000000E+00-0.00000000E+00-0.00000000E+00-0.00000000E+00-0.00000000E+00
 3  2-0.00000000E+00 1.08520591E-01-0.00000000E+00-0.00000000E+00 4.99414337E-01
 3  3-0.00000000E+00-0.00000000E+00 4.66205978E-01-0.00000000E+00-0.00000000E+00
 3  4 1.98530188E-03-0.00000000E+00-0.00000000E+00-0.00000000E+00-0.00000000E+00
 3  5-0.00000000E+00-0.00000000E+00-0.00000000E+00-0.00000000E+00
 4  1-0.00000000E+00-0.00000000E+00-0.00000000E+00-0.00000000E+00-0.00000000E+00
 4  2-0.00000000E+00-0.00000000E+00 1.08520591E-01-0.00000000E+00-0.00000000E+00
 4  3 4.99414337E-01-0.00000000E+00-0.00000000E+00 4.66205978E-01-0.00000000E+00
 4  4-0.00000000E+00 1.98530189E-03-0.00000000E+00-0.00000000E+00-0.00000000E+00
 4  5-0.00000000E+00-0.00000000E+00-0.00000000E+00-0.00000000E+00
 5  1-0.00000000E+00-0.00000000E+00-0.00000000E+00-0.00000000E+00-0.00000000E+00
 5  2-0.00000000E+00-0.00000000E+00-0.00000000E+00 6.86817280E-02-0.00000000E+00
 5  3-0.00000000E+00 8.45804281E-01-0.00000000E+00-0.00000000E+00 1.16943109E-01
 5  4-0.00000000E+00-0.00000000E+00 8.93430373E-03-0.00000000E+00-0.00000000E+00
 5  5-0.00000000E+00-0.00000000E+00-0.00000000E+00-0.00000000E+00
 6  1-1.45501218E+00 1.10329763E+00 6.03402288E-01-1.27207294E+00 3.20845641E+00
 6  2-2.55156292E+00 0.00000000E+00 0.00000000E+00 0.00000000E+00 0.00000000E+00
 6  3 0.00000000E+00 0.00000000E+00 0.00000000E+00 0.00000000E+00 0.00000000E+00
 6  4 0.00000000E+00 0.00000000E+00 0.00000000E+00 2.03227743E-01 2.03227684E-01
 6  5-4.06455427E-01 0.00000000E+00 0.00000000E+00 0.00000000E+00
 7  1 0.00000000E+00 0.00000000E+00 0.00000000E+00 0.00000000E+00 0.00000000E+00
 7  2 0.00000000E+00 0.00000000E+00 0.00000000E+00 0.00000000E+00 0.00000000E+00
 7  3 0.00000000E+00 0.00000000E+00 0.00000000E+00 0.00000000E+00 0.00000000E+00
 7  4 0.00000000E+00 0.00000000E+00 0.00000000E+00 0.00000000E+00 0.00000000E+00
 7  5 0.00000000E+00 1.00000001E+00 0.00000000E+00 0.00000000E+00
 8  1-6.66690734E-08 4.69422043E-08 3.04975183E-08-4.60772557E-08 1.08302489E-07
 8  2-8.47669978E-08 0.00000000E+00 0.00000000E+00 0.00000000E+00 0.00000000E+00
 8  3 0.00000000E+00 0.00000000E+00 0.00000000E+00 0.00000000E+00 0.00000000E+00
 8  4 0.00000000E+00 0.00000000E+00 0.00000000E+00-8.66025400E-01 8.66025416E-01
 8  5-1.57964496E-08 0.00000000E+00 0.00000000E+00 0.00000000E+00
 9  1 0.00000000E+00 0.00000000E+00 0.00000000E+00 0.00000000E+00 0.00000000E+00
 9  2 0.00000000E+00-2.28879138E-01 0.00000000E+00 0.00000000E+00 2.11166752E+00
 9  3 0.00000000E+00 0.00000000E+00-2.04744931E+00 0.00000000E+00 0.00000000E+00
 9  4 4.16855353E-02 0.00000000E+00 0.00000000E+00 0.00000000E+00 0.00000000E+00
 9  5 0.00000000E+00 0.00000000E+00 0.00000000E+00 0.00000000E+00
10  1 0.00000000E+00 0.00000000E+00 0.00000000E+00 0.00000000E+00 0.00000000E+00
10  2 0.00000000E+00 0.00000000E+00-2.28879138E-01 0.00000000E+00 0.00000000E+00
10  3 2.11166752E+00 0.00000000E+00 0.00000000E+00-2.04744931E+00 0.00000000E+00
10  4 0.00000000E+00 4.16855353E-02 0.00000000E+00 0.00000000E+00 0.00000000E+00
10  5 0.00000000E+00 0.00000000E+00 0.00000000E+00 0.00000000E+00
11  1 0.00000000E+00 0.00000000E+00 0.00000000E+00 0.00000000E+00 0.00000000E+00
11  2 0.00000000E+00 0.00000000E+00 0.00000000E+00 0.00000000E+00 0.00000000E+00
11  3 0.00000000E+00 0.00000000E+00 0.00000000E+00 0.00000000E+00 0.00000000E+00
11  4 0.00000000E+00 0.00000000E+00 0.00000000E+00 0.00000000E+00 0.00000000E+00
11  5 0.00000000E+00 0.00000000E+00 0.00000000E+00 1.00000001E+00
12  1 0.00000000E+00 0.00000000E+00 0.00000000E+00 0.00000000E+00 0.00000000E+00
12  2 0.00000000E+00 0.00000000E+00 0.00000000E+00 0.00000000E+00 0.00000000E+00
12  3 0.00000000E+00 0.00000000E+00 0.00000000E+00 0.00000000E+00 0.00000000E+00
12  4 0.00000000E+00 0.00000000E+00 0.00000000E+00 0.00000000E+00 0.00000000E+00
12  5 0.00000000E+00 0.00000000E+00 1.00000001E+00 0.00000000E+00
13  1-6.47514913E-01 4.92795638E-01 2.68580045E-01-5.65655460E-01 1.42319424E+00
13  2-1.13897126E+00-0.00000000E+00-0.00000000E+00-0.00000000E+00-0.00000000E+00
13  3-0.00000000E+00-0.00000000E+00-0.00000000E+00-0.00000000E+00-0.00000000E+00
13  4-0.00000000E+00-0.00000000E+00-0.00000000E+00-4.56822978E-01-4.56822974E-01
13  5 9.13645953E-01-0.00000000E+00-0.00000000E+00-0.00000000E+00
14  1-0.00000000E+00-0.00000000E+00-0.00000000E+00-0.00000000E+00-0.00000000E+00
14  2-0.00000000E+00-0.00000000E+00-0.00000000E+00 2.43813861E-01-0.00000000E+00
14  3-0.00000000E+00-1.99829165E+00-0.00000000E+00-0.00000000E+00 2.09659748E+00
14  4-0.00000000E+00-0.00000000E+00-4.07652241E-02-0.00000000E+00-0.00000000E+00
14  5-0.00000000E+00-0.00000000E+00-0.00000000E+00-0.00000000E+00
 $END   
 POPULATION ANALYSIS
C            6.00000   0.00000   6.00000   0.00000
 MOMENTS AT POINT    1 X,Y,Z=  0.000000  0.000000  0.000000
 DIPOLE       0.000000  0.000000  0.000000
